F 1824.839883 1880.660829 3.717551
E 0.000000 0.000000 0.000000 0.000000
W C 1362.0 1923.4 386.4 1496.9 498.8 722.7 1185.3 791.2 1695.3 1091.6 1790.5 287.5
W E -0.092 600.0 365.0 -2.881 600.0 1169.2 -2.424 600.0 1382.6 -0.531 992.1 600.0 -0.163 628.0 600.0 -0.022 1251.5 600.0
D C 364.9 -287.9 1415.4 -461.6 1742.8 248.9 1129.7 565.4 538.4 591.2 896.5 1317.5
F 1824.591694 1880.861958 3.717851
E 0.000000 0.000000 0.000000 0.000000
W C 1361.2 1923.5 385.7 1496.6 499.2 722.9 1185.3 791.2 1695.1 1090.0 1790.6 286.6
W E -0.092 424.3 258.0 -2.881 424.3 826.7 -2.424 424.3 977.7 -0.531 701.6 424.3 -0.162 444.1 424.3 -0.021 885.0 424.3
D C 366.0 -288.8 1416.7 -462.0 1741.8 248.8 1129.9 565.4 540.6 593.7 897.6 1319.0
F 1824.008054 1881.334105 3.718553
E 0.000000 0.000000 0.000000 0.000000
W C 1360.6 1923.6 384.8 1496.2 499.4 722.8 1185.1 790.7 1694.9 1089.2 1790.8 285.1
W E -0.092 346.4 210.7 -2.881 346.4 675.1 -2.423 346.4 798.2 -0.530 572.9 346.4 -0.162 362.9 346.4 -0.021 722.8 346.4
D C 366.2 -289.0 1418.2 -462.5 1741.8 248.8 1131.1 566.1 541.5 594.6 900.0 1322.6
F 1824.769568 1880.717337 3.717634
E 0.000000 0.000000 0.000000 0.000000
W C 1360.5 1923.6 384.7 1496.2 500.4 723.8 1185.2 790.9 1694.9 1089.0 1790.7 285.5
W E -0.092 300.0 182.6 -2.881 300.0 584.8 -2.423 300.0 691.2 -0.531 496.2 300.0 -0.162 314.5 300.0 -0.021 626.2 300.0
D C 366.2 -288.9 1417.4 -462.3 1737.0 248.1 1129.5 565.3 540.5 593.6 896.8 1317.9
F 1825.307308 1880.280815 3.716985
E 0.000000 0.000000 0.000000 0.000000
W C 1360.9 1923.5 384.3 1496.2 500.5 724.0 1185.3 791.2 1695.0 1089.9 1790.6 285.3
W E -0.092 268.3 163.5 -2.881 268.3 523.2 -2.424 268.3 618.1 -0.531 443.8 268.3 -0.163 281.4 268.3 -0.021 560.1 268.3
D C 365.1 -288.1 1419.4 -462.9 1739.8 248.5 1128.6 564.8 537.0 589.7 898.0 1319.6
F 1824.515972 1880.922358 3.717941
E 0.000000 0.000000 0.000000 0.000000
W C 1360.9 1923.5 384.9 1496.4 500.5 724.0 1185.3 791.2 1695.1 1090.3 1790.6 285.7
W E -0.092 244.9 149.2 -2.881 244.9 477.7 -2.424 244.9 564.2 -0.531 405.1 244.9 -0.162 256.9 244.9 -0.021 511.4 244.9
D C 365.1 -288.1 1413.4 -460.9 1740.2 248.6 1129.9 565.5 538.2 591.0 896.5 1317.5
F 1824.376267 1881.035468 3.718109
E 0.000000 0.000000 0.000000 0.000000
W C 1361.0 1923.5 384.6 1496.3 501.2 724.5 1185.1 790.8 1695.1 1090.2 1790.7 285.9
W E -0.092 226.8 138.2 -2.881 226.8 442.2 -2.424 226.8 522.3 -0.531 375.1 226.8 -0.162 237.8 226.8 -0.021 473.5 226.8
D C 364.7 -287.8 1418.5 -462.6 1734.9 247.8 1132.6 566.8 539.8 592.8 897.2 1318.4
F 1824.181158 1881.193332 3.718344
E 0.000000 0.000000 0.000000 0.000000
W C 1361.1 1923.5 384.6 1496.2 501.4 724.6 1185.0 790.6 1695.0 1090.0 1790.7 285.9
W E -0.092 212.1 129.2 -2.881 212.1 413.7 -2.423 212.1 488.5 -0.531 350.8 212.1 -0.162 222.5 212.1 -0.021 442.9 212.1
D C 364.9 -287.9 1417.5 -462.3 1738.0 248.2 1131.9 566.5 540.7 593.8 897.5 1318.9
F 1824.204711 1881.174278 3.718316
E 0.000000 0.000000 0.000000 0.000000
W C 1361.1 1923.5 384.6 1496.2 501.4 724.6 1184.9 790.3 1695.0 1090.0 1790.8 285.8
W E -0.092 200.0 121.8 -2.881 200.0 390.0 -2.423 200.0 460.5 -0.530 330.8 200.0 -0.162 209.8 200.0 -0.021 417.6 200.0
D C 365.2 -288.2 1416.6 -462.0 1739.8 248.5 1132.5 566.8 539.6 592.6 898.1 1319.8
F 1825.382447 1880.220663 3.716896
E 0.000000 0.000000 0.000000 0.000000
W C 1361.1 1923.5 384.8 1495.8 501.3 724.6 1184.9 790.4 1695.0 1090.0 1790.7 285.8
W E -0.092 189.7 115.6 -2.881 189.7 370.1 -2.424 189.7 436.8 -0.531 313.8 189.7 -0.162 199.0 189.7 -0.021 396.2 189.7
D C 365.8 -288.6 1417.7 -457.6 1739.7 248.5 1129.9 565.5 539.5 592.4 897.2 1318.4
F 1824.007792 1881.333804 3.718552
E 0.000000 0.000000 0.000000 0.000000
W C 1361.2 1923.5 384.6 1495.8 501.4 724.6 1184.8 790.2 1695.0 1090.0 1790.7 285.7
W E -0.092 180.9 110.2 -2.881 180.9 352.8 -2.423 180.9 416.4 -0.531 299.3 180.9 -0.162 189.7 180.9 -0.021 377.7 180.9
D C 364.1 -287.3 1419.0 -462.8 1739.0 248.4 1133.0 567.0 539.7 592.7 898.8 1320.8
F 1824.635973 1880.825196 3.717795
E 0.000000 0.000000 0.000000 0.000000
W C 1361.3 1923.5 384.6 1495.8 501.1 724.4 1184.7 790.0 1695.0 1090.1 1790.7 285.8
W E -0.092 173.2 105.5 -2.881 173.2 337.8 -2.423 173.2 398.7 -0.531 286.5 173.2 -0.162 181.7 173.2 -0.021 361.7 173.2
D C 364.5 -287.7 1416.9 -462.1 1743.3 249.0 1132.5 566.8 539.1 592.1 896.9 1318.1
F 1825.146025 1880.411386 3.717181
E 0.000000 0.000000 0.000000 0.000000
W C 1361.3 1923.5 384.2 1495.8 501.0 724.4 1184.7 790.1 1695.0 1089.9 1790.7 285.7
W E -0.092 166.4 101.4 -2.881 166.4 324.6 -2.423 166.4 383.0 -0.531 275.3 166.4 -0.162 174.5 166.4 -0.021 347.5 166.4
D C 365.0 -288.0 1423.0 -464.1 1741.8 248.8 1130.1 565.6 541.0 594.1 897.9 1319.5
F 1803.792571 1867.399624 3.717930
E 0.575608 6.130703 0.952048 0.076843
W C 1359.8 1922.5 382.8 1494.9 499.5 723.4 1183.2 789.1 1693.5 1088.9 1789.2 284.8
W E -0.095 160.3 97.4 -2.881 160.4 312.5 -2.423 160.4 368.9 -0.530 265.1 160.4 -0.161 168.0 160.4 -0.020 334.8 160.4
D C 365.2 -288.2 1416.0 -461.8 1740.2 248.6 1131.2 566.1 539.4 592.4 896.8 1317.9
F 1766.701953 1843.336421 3.717328
E 0.576163 12.550591 4.925640 0.144119
W C 1356.2 1920.1 380.0 1492.8 497.2 721.8 1181.9 789.7 1690.8 1087.1 1786.9 282.8
W E -0.103 154.8 93.6 -2.882 154.9 301.6 -2.423 154.9 356.1 -0.528 255.7 154.9 -0.162 162.0 154.9 -0.018 323.4 154.9
D C 352.2 -286.8 1402.9 -457.5 1715.5 250.4 1074.3 550.0 518.5 594.6 878.1 1325.0
F 1729.264375 1819.080149 -2.567002
E 0.574380 16.717516 10.295710 0.172668
W C 1352.1 1917.4 376.9 1491.3 494.2 720.6 1179.7 789.7 1687.4 1085.1 1784.0 280.8
W E -0.117 149.6 90.0 -2.883 150.0 291.8 -2.422 150.0 344.7 -0.526 247.3 150.0 -0.167 156.6 150.0 -0.015 313.5 150.0
D C 313.8 -287.5 1365.2 -463.9 1681.8 240.2 1048.8 549.2 488.9 592.9 846.9 1321.6
F 1691.628421 1795.004723 -2.569597
E 0.565219 20.029959 15.904665 0.190879
W C 1347.2 1914.3 374.2 1489.7 491.1 719.7 1177.3 790.2 1683.7 1083.6 1783.8 280.8
W E -0.138 144.6 86.7 -2.884 145.6 283.1 -2.422 145.5 334.5 -0.524 239.7 145.6 -0.178 151.8 145.5 -0.015 313.2 150.0
D C 279.2 -282.2 1324.1 -454.4 1640.5 244.6 1000.7 547.8 445.3 586.2
F 1692.129326 1794.431377 -2.570702
E 0.564840 19.979251 14.995159 0.171441
W C 1344.6 1912.3 374.4 1489.2 489.2 719.4 1175.9 791.2 1681.1 1082.8 1783.7 280.8
W E -0.152 140.2 84.0 -2.886 141.5 275.5 -2.421 141.5 325.6 -0.522 233.1 141.5 -0.183 147.6 141.4 -0.015 313.1 150.0
D C 260.9 -280.4 1277.2 -447.1 1622.9 242.0 985.4 543.3 432.6 584.3
F 1652.409074 1773.039551 -2.569194
E 0.540832 22.755084 20.131652 0.192359
W C 1341.7 1910.4 374.6 1488.9 488.0 719.6 1174.8 792.5 1679.0 1082.3 1783.6 280.8
W E -0.175 135.7 81.4 -2.887 137.7 268.3 -2.421 137.7 317.3 -0.519 226.8 137.7 -0.196 143.8 137.6 -0.015 313.1 150.0
D C 216.5 -277.0 1229.1 -443.0 1564.3 248.0 933.0 544.7 379.5 588.2
F 1618.432903 1744.702147 -2.575049
E -0.429471 25.407734 25.114562 0.202708
W C 1337.2 1908.2 374.4 1488.4 486.0 720.0 1172.8 793.5 1676.4 1081.1 1783.5 280.8
W E -0.203 131.0 79.0 -2.889 134.3 261.5 -2.420 134.3 309.5 -0.517 220.9 134.3 -0.219 140.1 134.1 -0.015 313.1 150.0
D C 187.9 -278.9 1197.8 -440.1 1532.9 243.0 902.1 541.6 348.6 590.7
F 1580.944688 1721.297285 -2.579763
E -2.513588 27.373042 30.394512 0.208167
W C 1331.1 1905.9 373.6 1487.8 483.5 720.3 1170.3 794.0 1673.2 1079.5 1783.5 280.9
W E -0.239 126.0 76.9 -2.891 131.1 255.1 -2.420 131.1 302.2 -0.514 215.3 131.1 -0.250 136.8 130.8 -0.015 313.0 150.0
D C 155.6 -276.2 1169.5 -441.9 1500.5 242.6 873.3 546.4 318.8 593.1
F 1543.608590 1698.077765 -2.581282
E -2.538357 29.352317 35.301543 0.211578
W C 1323.5 1903.9 372.7 1487.2 481.0 720.3 1167.8 794.4 1669.9 1077.7 1783.6 280.9
W E -0.279 120.7 75.0 -2.893 128.1 249.0 -2.419 128.1 295.2 -0.512 210.0 128.1 -0.286 133.7 127.7 -0.015 313.0 150.0
D C 124.8 -274.1 1131.1 -439.3 1466.0 246.2 832.9 546.4 280.4 594.1
F 1540.932795 1702.263934 -2.578463
E -2.531962 29.196610 34.114648 0.188653
W C 1319.3 1902.6 372.3 1486.9 479.7 720.6 1166.3 795.0 1668.0 1076.7 1783.6 280.9
W E -0.314 116.7 73.3 -2.894 125.4 243.6 -2.418 125.4 289.0 -0.510 205.3 125.4 -0.306 131.0 124.8 -0.015 313.0 150.0
D C 113.1 -277.2 1117.5 -438.0 1443.4 251.6 818.1 551.1 264.3 597.6
F 1496.302466 1686.162231 -2.568535
E -2.548565 31.043428 38.725748 0.204687
W C 1314.5 1901.8 372.0 1486.3 478.8 720.8 1165.1 795.9 1666.6 1076.1 1783.6 280.9
W E -0.357 111.9 71.7 -2.896 122.8 238.3 -2.418 122.8 283.1 -0.507 200.8 122.8 -0.323 128.6 122.0 -0.015 313.0 150.0
D C 67.3 -274.8 1066.3 -436.9 1395.6 247.7 770.4 547.0 214.8 601.8
F 1459.310930 1661.226480 -2.559899
E -2.563909 32.854729 43.508554 0.216501
W C 1314.3 1901.7 372.0 1484.1 478.5 719.4 1164.3 796.3 1665.2 1075.3 1783.7 280.9
W E -0.361 111.8 71.4 -2.897 120.4 233.4 -2.417 120.4 277.6 -0.505 196.6 120.4 -0.338 126.4 119.4 -0.015 313.0 150.0
D C 1026.6 -435.5 1364.7 246.5 735.6 539.4 184.2 595.6
F 1463.876852 1657.295145 -2.567867
E -2.569335 32.753038 42.601015 0.196224
W C 1314.2 1901.7 372.8 1483.8 478.8 719.8 1164.4 797.3 1665.3 1075.2 1783.7 280.9
W E -0.363 111.8 71.3 -2.899 118.1 229.1 -2.416 118.1 272.6 -0.503 192.8 118.2 -0.349 124.4 116.9 -0.015 313.0 150.0
D C 997.1 -433.8 1324.9 251.9 698.2 545.7 146.0 600.5
F 1421.679924 1636.570931 -2.559614
E -2.583266 34.448894 46.604099 0.206016
W C 1314.1 1901.6 373.4 1482.5 479.3 719.1 1164.6 797.9 1665.3 1075.1 1781.0 280.9
W E -0.365 111.7 71.2 -2.900 116.0 224.2 -2.415 116.0 267.1 -0.501 188.6 116.1 -0.373 122.3 114.5 -0.001 300.6 145.8
D C 958.2 -434.5 1292.7 249.9 666.4 544.3 474.7 1317.1 112.0 603.8
F 1388.578464 1609.311937 -2.567513
E -2.591270 35.890998 50.528206 0.207428
W C 1307.0 1902.2 374.2 1480.7 479.5 718.5 1164.5 798.2 1664.9 1074.2 1778.1 280.5
W E -0.414 104.8 70.2 -2.902 114.0 219.4 -2.415 114.0 261.7 -0.500 184.5 114.1 -0.395 120.4 112.2 0.011 290.3 141.9
D C -47.4 -285.1 925.1 -422.9 1257.2 251.0 631.5 545.5 438.5 1317.1 81.6 604.0
F 1348.027964 1588.067815 -2.564243
E -2.598055 37.278188 54.435154 0.208856
W C 1300.0 1903.1 374.5 1478.2 480.1 717.2 1164.4 798.1 1664.6 1073.2 1775.1 280.0
W E -0.458 99.3 69.4 -2.903 112.1 214.8 -2.414 112.1 256.5 -0.499 180.6 112.2 -0.409 118.7 109.9 0.023 281.3 138.4
D C -78.6 -288.4 896.0 -426.3 1220.4 251.5 601.9 546.3 407.1 1316.5 48.0 606.7
F 1311.630044 1562.646718 -2.557982
E -2.602270 38.704285 58.419578 0.212448
W C 1299.8 1903.1 374.6 1476.3 480.4 716.3 1163.9 798.5 1664.3 1072.5 1773.4 279.7
W E -0.461 99.2 69.3 -2.904 110.4 210.4 -2.413 110.3 251.6 -0.499 176.9 110.4 -0.416 117.1 107.8 0.035 273.2 135.2
D C 848.2 -429.4 1172.2 252.8 550.1 540.9 358.9 1316.4 -4.2 609.6
F 1275.151966 1537.577305 -2.551964
E -2.605644 40.056480 62.382763 0.214360
W C 1299.8 1903.2 374.0 1473.3 480.7 714.5 1163.0 798.2 1663.3 1071.3 1772.0 278.9
W E -0.462 99.2 69.3 -2.905 108.7 206.2 -2.412 108.6 246.8 -0.500 173.3 108.7 -0.418 115.8 105.7 0.046 266.0 132.3
D C 833.9 -428.6 1149.7 255.4 535.0 545.7 342.8 1320.9 -21.1 610.9
F 1272.927804 1538.300475 -2.548151
E -2.608319 39.881887 61.396022 0.190999
W C 1299.9 1903.2 374.0 1471.9 481.1 713.9 1162.6 798.6 1663.2 1070.9 1771.0 278.5
W E -0.463 99.1 69.2 -2.906 107.1 202.5 -2.412 107.0 242.6 -0.500 170.1 107.1 -0.417 114.5 103.8 0.055 259.6 129.6
D C 801.3 -430.7 1119.8 252.3 506.2 542.3 317.0 1321.4 -51.5 614.4
F 1237.662548 1512.973321 -2.551236
E -2.609934 41.186022 65.254356 0.205758
W C 1299.9 1903.3 374.5 1470.7 481.3 713.7 1162.4 799.1 1663.1 1070.5 1770.1 278.1
W E -0.464 99.1 69.2 -2.907 105.6 198.8 -2.411 105.5 238.4 -0.502 167.1 105.5 -0.413 113.3 102.0 0.064 253.8 127.1
D C 743.2 -420.3 1069.2 254.8 450.7 543.2 262.7 1326.0 -104.8 612.2
F 1199.270689 1488.291068 -2.546509
E -2.611484 42.427468 69.189335 0.212512
W C 1300.0 1903.3 374.6 1468.2 481.4 712.6 1161.5 799.2 1662.6 1069.8 1768.7 277.7
W E -0.464 99.1 69.2 -2.908 104.2 195.3 -2.411 104.1 234.4 -0.504 164.1 104.1 -0.407 112.1 100.4 0.073 248.3 124.8
D C 724.6 -421.6 1054.6 251.3 437.8 541.0 248.2 1316.0 -122.5 613.4
F 1162.497038 1463.172847 -2.544326
E -2.612106 43.617346 73.177941 0.215792
W C 1300.2 1903.3 374.5 1466.0 481.5 711.6 1160.6 799.3 1662.2 1069.1 1767.7 277.3
W E -0.465 99.1 69.1 -2.908 102.8 191.9 -2.411 102.7 230.4 -0.507 161.4 102.6 -0.399 111.1 98.8 0.081 243.3 122.7
D C 681.4 -422.0 1006.0 252.8 390.4 541.0 199.3 1322.5 -167.7 618.9
F 1161.062056 1463.324073 -2.544108
E -2.613101 43.414007 72.374917 0.192840
W C 1300.2 1903.4 374.8 1464.5 481.6 711.1 1160.2 799.6 1662.1 1068.6 1766.7 277.1
W E -0.465 99.1 69.1 -2.909 101.5 188.9 -2.410 101.4 226.9 -0.510 158.9 101.2 -0.391 110.1 97.4 0.088 238.8 120.8
D C 664.2 -417.0 990.9 255.5 375.1 544.0 182.3 1319.4 -184.1 619.0
F 1127.207636 1438.611123 -2.549761
E -2.612267 44.589495 76.338253 0.211570
W C 1300.3 1903.4 374.8 1463.0 481.8 710.5 1159.4 799.7 1662.0 1068.5 1765.6 276.7
W E -0.465 99.1 69.1 -2.909 100.3 186.0 -2.410 100.1 223.6 -0.513 156.6 99.9 -0.397 110.1 97.2 0.095 234.6 118.9
D C 632.6 -416.4 954.7 261.8 340.5 546.0 145.9 1324.3
F 1090.339628 1413.875910 -2.547860
E -2.611010 45.726080 80.433344 0.221031
W C 1300.4 1903.4 374.7 1460.9 481.7 709.6 1158.2 799.6 1662.1 1068.6 1764.4 276.1
W E -0.465 99.1 69.1 -2.909 99.1 183.3 -2.410 99.0 220.3 -0.517 154.5 98.6 -0.400 110.0 97.2 0.101 230.8 117.3
D C 600.0 -416.4 924.3 259.6 313.0 545.7 117.1 1324.1
F 1053.629412 1389.254706 -2.548526
E -2.609585 46.809887 84.593173 0.225644
W C 1300.6 1903.4 374.4 1458.6 481.4 708.6 1156.6 799.3 1662.1 1068.7 1763.5 275.2
W E -0.466 99.1 69.1 -2.908 97.9 180.6 -2.410 97.8 217.2 -0.522 152.5 97.3 -0.402 110.0 97.1 0.107 227.1 115.7
D C 565.1 -415.8 892.5 259.6 281.0 546.6 85.1 1335.0
F 1016.573320 1364.834518 -2.550080
E -2.608022 47.851548 88.801196 0.228130
W C 1300.7 1903.5 374.2 1456.4 481.2 707.6 1155.2 798.9 1662.1 1068.7 1762.5 274.6
W E -0.466 99.1 69.1 -2.907 96.8 178.1 -2.410 96.7 214.1 -0.526 150.7 96.0 -0.404 110.0 97.1 0.113 223.7 114.3
D C 518.1 -408.9 845.8 268.6 232.5 552.9 27.6 1332.7
F 1015.478274 1365.466829 -2.548821
E -2.608399 47.622568 88.037683 0.205235
W C 1300.8 1903.5 374.1 1455.0 481.2 707.0 1154.3 798.8 1662.1 1068.7 1761.7 274.1
W E -0.466 99.1 69.1 -2.906 95.8 175.9 -2.410 95.7 211.4 -0.530 149.0 94.8 -0.405 109.9 97.1 0.118 220.6 113.0
D C 506.2 -414.8 830.8 263.9 219.6 550.2 23.5 1330.5
F 978.769081 1341.105456 -2.549497
E -2.607135 48.619591 92.138704 0.218932
W C 1300.9 1903.5 373.8 1453.1 480.9 706.3 1153.1 798.6 1662.1 1068.8 1761.0 273.4
W E -0.466 99.1 69.0 -2.904 94.8 173.7 -2.410 94.7 208.7 -0.535 147.5 93.6 -0.406 109.9 97.1 0.123 217.7 111.7
D C 477.6 -411.3 797.6 264.2 186.2 548.0 -17.4 1336.7
F 942.258723 1316.608418 -2.546223
E -2.605720 49.575734 96.336238 0.225845
W C 1301.1 1903.6 373.3 1450.8 480.6 705.4 1151.6 798.0 1662.1 1068.9 1760.2 272.8
W E -0.466 99.1 69.0 -2.902 93.8 171.7 -2.411 93.7 206.1 -0.539 146.2 92.4 -0.406 109.9 97.1 0.128 215.0 110.6
D C 442.9 -413.4 768.5 265.0 157.6 551.3 -42.1 1337.7
F 905.895606 1292.329546 -2.547024
E -2.604243 50.480835 100.579485 0.229287
W C 1301.3 1903.6 372.5 1448.2 480.1 704.6 1149.9 797.3 1662.2 1069.0 1759.4 272.1
W E -0.466 99.1 69.0 -2.900 92.8 169.7 -2.411 92.8 203.6 -0.542 144.9 91.1 -0.407 109.9 97.1 0.132 212.4 109.5
D C 412.3 -411.7 732.1 265.1 123.6 552.2 -83.4 1341.0
F 906.317851 1293.036059 -2.547403
E -2.604333 50.203072 99.872749 0.206882
W C 1301.4 1903.7 372.0 1446.6 479.8 703.9 1148.8 796.9 1662.2 1069.0 1758.9 271.5
W E -0.466 99.1 69.0 -2.898 91.8 168.0 -2.412 91.9 201.4 -0.546 143.8 90.0 -0.408 109.8 97.1 0.136 210.0 108.5
D C 396.0 -412.7 718.6 267.7 109.5 552.9 -99.9 1340.5
F 869.515033 1268.724116 -2.547049
E -2.603024 51.091743 104.060388 0.220994
W C 1301.5 1903.7 371.4 1445.2 479.6 703.3 1147.7 796.4 1662.2 1069.1 1758.6 271.0
W E -0.466 99.1 69.0 -2.895 90.9 166.4 -2.412 91.1 199.2 -0.548 142.7 88.9 -0.409 109.8 97.0 0.140 207.7 107.5
D C 351.1 -414.0 669.9 270.9 62.8 555.0 -150.2 1344.9
F 832.983684 1244.584769 -2.548771
E -2.601747 51.930213 108.333770 0.228037
W C 1301.7 1903.7 370.5 1443.5 479.2 702.7 1146.5 795.7 1662.2 1069.1 1758.4 270.3
W E -0.467 99.1 69.0 -2.892 89.9 164.9 -2.413 90.2 197.1 -0.550 141.8 87.8 -0.409 109.8 97.0 0.143 205.6 106.7
D C 320.9 -415.8 639.9 270.2 31.9 553.6 -180.6 1353.2
F 796.685700 1220.468171 -2.547569
E -2.600465 52.728262 112.682738 0.231848
W C 1301.9 1903.8 369.3 1441.3 478.6 701.9 1145.3 794.8 1662.3 1069.2 1757.7 269.7
W E -0.467 99.1 69.0 -2.889 88.9 163.6 -2.414 89.4 195.0 -0.552 141.0 86.8 -0.410 109.8 97.0 0.146 203.6 105.9
D C 291.5 -415.9 612.0 274.1 1.3 557.3 -209.2 1346.5
F 760.179517 1196.512424 -2.548977
E -2.598243 53.515212 117.373582 0.241969
W C 1302.0 1903.8 367.6 1439.3 477.6 701.4 1143.9 793.5 1662.4 1069.3 1757.6 269.8
W E -0.467 99.1 69.0 -2.886 87.9 162.5 -2.416 88.6 193.4 -0.552 140.3 85.8 -0.410 109.8 97.0 0.146 203.3 105.9
D C 259.1 -419.8 579.9 274.8 -29.7 560.6
F 760.294044 1197.282898 -2.551572
E -2.597835 53.170014 116.759407 0.222212
W C 1302.1 1903.8 367.1 1438.9 477.6 700.9 1143.5 793.0 1662.4 1069.3 1757.3 269.8
W E -0.467 99.0 69.0 -2.884 87.0 161.6 -2.416 87.9 191.9 -0.552 139.6 84.9 -0.411 109.8 97.0 0.146 203.1 105.8
D C 214.4 -418.7 534.3 275.6 -76.7 561.9
F 723.751227 1173.517059 -2.552269
E -2.596098 53.929258 121.401550 0.237834
W C 1302.2 1903.9 365.9 1437.7 476.8 700.4 1142.9 792.0 1662.5 1069.4 1757.2 269.8
W E -0.467 99.0 69.0 -2.882 86.1 160.7 -2.417 87.1 190.6 -0.551 139.0 84.1 -0.411 109.8 97.0 0.146 202.9 105.8
D C 201.0 -417.5 520.5 278.7 -95.3 567.1
F 687.093418 1149.908639 -2.557014
E -2.594652 54.642307 126.190171 0.246913
W C 1302.3 1903.9 364.6 1436.8 476.3 699.9 1142.3 791.1 1662.6 1069.5 1757.1 269.9
W E -0.467 99.0 69.0 -2.881 85.1 160.0 -2.418 86.4 189.4 -0.551 138.4 83.3 -0.412 109.8 97.0 0.146 202.8 105.8
D C 156.5 -420.1 471.2 282.9 -139.0 568.0
F 651.156693 1126.668064 -2.556981
E -2.593611 55.311166 131.094979 0.252535
W C 1302.5 1903.9 362.3 1435.4 475.2 699.5 1141.7 789.7 1662.8 1069.6 1757.3 270.0
W E -0.467 99.0 69.0 -2.880 84.1 159.3 -2.420 85.6 188.2 -0.550 137.8 82.6 -0.412 109.8 97.0 0.146 202.6 105.8
D C 142.9 -418.5 452.7 285.2 -155.2 572.6
F 651.345009 1127.746174 -2.563000
E -2.593285 55.013286 130.523099 0.236930
W C 1302.6 1903.9 361.4 1434.8 474.4 699.1 1141.8 789.6 1662.9 1069.6 1757.4 270.0
W E -0.467 99.0 69.0 -2.879 83.3 158.8 -2.420 85.0 187.4 -0.551 137.8 82.5 -0.413 109.8 97.0 0.146 202.6 105.8
D C 110.2 -416.7 423.6 285.4
F 613.951731 1104.303903 -2.571163
E -2.591998 55.791811 135.617213 0.255484
W C 1302.6 1903.9 360.5 1434.5 473.7 698.7 1141.9 789.6 1663.0 1069.7 1757.6 270.0
W E -0.467 99.0 69.0 -2.879 82.4 158.3 -2.421 84.3 186.7 -0.552 137.7 82.4 -0.413 109.7 97.0 0.146 202.5 105.8
D C 66.5 -419.3 375.4 287.9
F 577.075436 1081.220325 -2.576202
E -2.591225 56.517656 140.913736 0.267594
W C 1302.7 1903.9 358.7 1433.8 472.2 698.3 1142.5 789.6 1663.2 1069.7 1758.1 270.1
W E -0.467 99.0 69.0 -2.880 81.5 157.9 -2.421 83.6 186.1 -0.553 137.6 82.4 -0.413 109.7 97.0 0.146 202.4 105.8
D C 49.9 -423.1 356.3 291.0
F 540.167996 1058.176273 -2.583030
E -2.591264 57.184867 146.392551 0.275917
W C 1302.7 1903.9 357.2 1433.3 470.7 697.7 1143.1 789.6 1663.4 1069.8 1758.7 270.2
W E -0.467 99.0 69.0 -2.881 80.7 157.5 -2.422 82.9 185.7 -0.554 137.6 82.3 -0.414 109.7 97.0 0.146 202.4 105.8
D C 4.2 -422.5 309.2 293.0
F 540.725498 1058.751516 -2.586005
E -2.592228 56.822303 145.704028 0.257546
W C 1302.8 1903.8 356.3 1433.2 470.0 697.1 1143.4 789.6 1663.5 1069.8 1759.0 270.2
W E -0.467 99.0 69.0 -2.882 79.9 157.2 -2.422 82.3 185.2 -0.554 137.5 82.3 -0.414 109.7 97.0 0.146 202.3 105.8
D C -11.4 -425.9 290.8 293.1
F 503.685229 1035.666675 -2.587174
E -2.592682 57.482545 151.267688 0.271995
W C 1302.8 1903.8 354.9 1433.0 468.8 696.4 1143.9 789.7 1663.7 1069.9 1759.6 270.3
W E -0.467 99.0 69.0 -2.883 79.2 156.9 -2.422 81.6 184.9 -0.555 137.5 82.2 -0.414 109.7 97.0 0.146 202.2 105.8
D C -39.0 -426.5 257.8 295.7
F 466.496172 1012.651653 -2.591606
E -2.593785 58.071579 157.078998 0.282239
W C 1302.8 1903.8 353.8 1433.0 467.9 695.5 1144.4 789.7 1663.9 1069.9 1760.0 270.4
W E -0.467 99.0 69.0 -2.885 78.6 156.6 -2.422 80.9 184.6 -0.556 137.4 82.2 -0.415 109.7 97.0 0.146 202.2 105.8
D C -86.6 -430.1 204.9 297.1
F 430.771269 989.119539 -2.577435
E -2.595034 58.603146 163.161081 0.290720
W C 1302.9 1903.8 351.9 1433.1 466.2 693.8 1145.2 789.8 1664.1 1070.0 1760.7 270.5
W E -0.467 99.0 69.0 -2.887 78.0 156.3 -2.421 80.0 184.4 -0.556 137.4 82.1 -0.415 109.7 97.0 0.146 202.1 105.8
D C -102.3 -432.3 187.1 295.9
F 396.371802 964.092563 -2.502892
E -2.594263 59.385251 169.447959 0.305472
W C 1303.0 1903.8 349.7 1433.6 465.5 692.4 1146.0 789.8 1664.4 1070.1 1761.5 270.7
W E -0.467 99.0 69.0 -2.889 77.5 156.1 -2.420 79.1 184.1 -0.557 137.3 82.1 -0.415 109.7 97.0 0.146 202.1 105.8
D C -146.8 -436.5 137.0 299.6
F 396.717692 965.903231 -2.516548
E -2.595212 58.889924 168.682120 0.285794
W C 1303.0 1903.8 348.3 1433.9 465.0 691.4 1146.5 789.9 1664.6 1070.2 1762.1 270.7
W E -0.467 99.0 69.0 -2.891 77.1 155.8 -2.419 78.3 183.9 -0.557 137.3 82.1 -0.415 109.7 97.0 0.146 202.0 105.8
D C -165.7 -434.5 126.2 295.0
F 363.860940 935.666112 -2.417455
E -2.592980 59.856502 175.527063 0.316617
W C 1303.0 1903.8 348.3 1434.2 464.6 690.4 1146.5 789.9 1664.6 1070.2 1762.0 270.8
W E -0.467 99.0 69.0 -2.890 77.1 155.8 -2.416 77.5 183.8 -0.557 137.3 82.1 -0.415 109.7 97.0 0.146 202.0 105.8
D C 111.4 279.3
F 333.816498 903.009750 -2.317126
E -2.588015 60.568847 180.898968 0.319465
W C 1303.1 1903.8 348.4 1434.9 463.7 689.7 1146.3 790.0 1664.5 1070.2 1763.3 270.7
W E -0.467 99.0 69.0 -2.888 76.8 155.6 -2.418 76.0 182.9 -0.558 137.2 82.1 -0.416 109.7 97.0 0.148 199.4 105.4
D C 87.3 262.1 -513.4 1503.6
F 307.011312 868.927865 -2.222446
E -2.578567 61.036858 186.220960 0.323769
W C 1303.1 1903.8 348.8 1435.8 462.1 688.0 1146.1 790.2 1664.5 1070.2 1764.3 271.3
W E -0.467 99.0 69.0 -2.886 76.6 155.3 -2.419 74.2 182.1 -0.559 137.1 82.0 -0.416 109.7 97.0 0.151 197.2 105.1
D C 78.5 256.7 -485.0 1510.9
F 283.443341 832.864345 -2.128194
E -2.564925 61.387551 191.396229 0.329187
W C 1303.2 1903.9 349.3 1436.8 460.6 686.3 1145.8 790.3 1664.4 1070.2 1765.3 271.9
W E -0.467 99.0 69.0 -2.884 76.4 155.1 -2.418 72.4 181.5 -0.559 137.1 82.0 -0.416 109.7 97.0 0.155 195.3 104.8
D C 53.9 237.6 -385.1 1552.8
F 282.925732 834.201003 -2.129692
E -2.565805 61.040446 189.614816 0.305403
W C 1303.2 1903.9 349.5 1437.3 459.7 685.6 1145.7 790.3 1664.4 1070.3 1766.2 272.2
W E -0.467 99.0 69.0 -2.883 76.3 154.9 -2.418 71.0 180.9 -0.559 137.0 82.0 -0.416 109.7 97.0 0.158 193.7 104.5
D C 44.0 233.1 -357.2 1562.8
F 262.798589 796.136925 -2.035258
E -2.549507 61.413335 194.507892 0.320372
W C 1303.3 1903.9 349.9 1438.0 458.6 684.4 1145.5 790.4 1664.4 1070.3 1767.0 272.6
W E -0.467 99.0 69.0 -2.881 76.1 154.8 -2.417 69.6 180.4 -0.560 137.0 82.0 -0.416 109.7 97.0 0.161 192.3 104.3
D C 28.3 225.5 -276.6 1587.1
F 247.385618 754.862229 -1.931653
E -2.527055 62.044899 201.036135 0.356189
W C 1303.3 1903.9 350.1 1438.7 458.2 682.8 1145.3 790.5 1664.3 1070.3 1766.7 272.6
W E -0.467 99.0 69.0 -2.880 76.0 154.7 -2.414 68.7 180.2 -0.560 137.0 82.0 -0.416 109.7 97.0 0.161 192.2 104.3
D C 12.0 220.5
F 236.599466 713.496060 -1.827158
E -2.499112 63.149475 207.689099 0.387156
W C 1303.4 1904.0 350.4 1439.4 458.1 681.1 1145.1 790.6 1664.3 1070.3 1766.2 272.6
W E -0.467 99.0 69.0 -2.879 75.9 154.6 -2.411 68.1 179.9 -0.560 137.0 82.0 -0.416 109.7 97.0 0.161 192.2 104.3
D C -3.5 218.5
F 229.817146 670.126603 -1.730038
E -2.464533 65.130355 214.712302 0.415829
W C 1303.4 1904.0 350.6 1439.8 458.1 680.2 1145.0 790.7 1664.2 1070.3 1765.8 272.6
W E -0.467 99.0 69.0 -2.878 75.8 154.5 -2.409 67.7 179.7 -0.560 136.9 82.0 -0.416 109.7 97.0 0.161 192.1 104.3
D C -31.5 220.8
F 229.817146 670.126603 -1.730038
E -2.464533 65.130355 214.712302 0.415829
W C 1303.4 1904.0 350.6 1439.8 458.1 680.2 1145.0 790.7 1664.2 1070.3 1765.8 272.6
W E -0.467 99.0 69.0 -2.878 75.8 154.5 -2.409 67.7 179.7 -0.560 136.9 82.0 -0.416 109.7 97.0 0.161 192.1 104.3
D C
F 223.428718 629.181140 -1.595567
E -2.435729 67.965267 217.867283 0.409576
W C 1303.4 1904.0 351.1 1440.4 456.6 679.4 1144.9 790.7 1664.2 1070.3 1766.8 273.4
W E -0.467 99.0 69.0 -2.877 75.7 154.4 -2.410 67.1 179.4 -0.560 136.9 82.0 -0.417 109.7 97.0 0.163 190.8 104.1
D C 122.1 1605.2
F 222.090273 589.447308 -1.457127
E -2.407574 71.113910 220.329444 0.407397
W C 1303.5 1904.0 351.6 1440.9 455.4 678.6 1144.8 790.7 1664.2 1070.3 1767.3 274.2
W E -0.467 99.0 69.0 -2.877 75.7 154.4 -2.411 66.8 179.1 -0.560 136.9 82.0 -0.417 109.7 97.0 0.166 189.8 104.0
D C 253.5 1583.1
F 242.178591 547.780992 -1.226837
E -2.378465 74.371206 223.044844 0.406848
W C 1303.5 1904.0 351.0 1442.1 453.7 680.7 1143.7 790.9 1666.5 1068.8 1767.1 275.2
W E -0.467 99.0 69.0 -2.877 75.7 154.3 -2.413 66.5 178.8 -0.561 136.8 81.9 -0.439 109.1 96.5 0.165 189.4 103.9
D C 310.7 1567.9
F 232.922873 549.083714 -1.284492
E -2.393187 71.972581 219.598888 0.342908
W C 1303.5 1904.0 351.2 1441.8 453.8 679.3 1142.8 792.2 1666.5 1068.3 1767.6 275.7
W E -0.467 99.0 69.0 -2.876 75.6 154.2 -2.414 66.2 178.4 -0.561 136.4 81.5 -0.438 109.1 96.4 0.166 188.3 103.7
D C 493.5 1497.5 -73.5 911.2
F 241.926034 512.546149 -1.196412
E -2.371698 73.418822 220.023033 0.333193
W C 1303.5 1904.0 351.4 1441.7 454.0 678.3 1141.7 793.1 1666.6 1067.8 1768.3 276.4
W E -0.467 99.0 69.0 -2.875 75.6 154.1 -2.416 65.9 178.0 -0.562 136.0 81.2 -0.438 109.1 96.4 0.167 187.2 103.5
D C 546.3 1473.2 -45.1 905.1
F 256.477985 475.447238 -1.101594
E -0.784083 219.301912 73.969295 0.310048
W C 1303.5 1904.0 351.6 1441.3 454.8 677.4 1141.3 792.9 1665.9 1068.5 1768.8 276.4
W E -0.467 99.0 69.0 -2.874 75.5 153.9 -2.419 65.6 177.5 -0.563 135.6 80.8 -0.458 108.6 95.9 0.167 185.9 103.3
D C 718.3 1366.3 51.8 899.4 -70.7 1510.6
F 277.252320 441.150607 -0.989594
E -0.761777 219.488768 75.334209 0.314659
W C 1303.5 1904.0 351.6 1441.3 455.0 677.2 1140.3 793.1 1665.9 1068.2 1769.7 277.1
W E -0.467 99.0 69.0 -2.873 75.5 153.8 -2.420 65.4 177.2 -0.564 135.3 80.4 -0.458 108.6 95.9 0.168 185.0 103.1
D C 821.0 1281.3 108.2 882.4
F 276.563649 440.572983 -1.000464
E -0.768229 218.009622 73.905216 0.285171
W C 1303.5 1904.0 351.6 1441.2 455.4 677.1 1139.7 793.0 1666.0 1068.1 1770.1 277.6
W E -0.467 99.0 69.0 -2.873 75.4 153.8 -2.421 65.3 177.0 -0.565 135.0 80.1 -0.458 108.6 95.9 0.168 184.2 102.9
D C 865.4 1230.7 138.0 879.0
F 304.465388 409.621260 -0.862735
E -0.745313 218.073881 75.113306 0.301916
W C 1303.5 1904.0 351.6 1441.2 455.7 677.1 1139.0 792.7 1666.0 1068.0 1770.5 278.1
W E -0.467 99.0 69.0 -2.873 75.4 153.7 -2.422 65.2 176.7 -0.566 134.7 79.8 -0.458 108.6 95.9 0.169 183.4 102.8
D C 990.5 1087.7 221.3 842.1
F 332.970444 382.080433 -0.753802
E -0.722575 217.581854 76.427477 0.307145
W C 1303.5 1904.1 351.6 1441.2 455.8 677.2 1138.3 792.5 1666.0 1067.9 1771.4 278.7
W E -0.467 99.0 69.0 -2.872 75.4 153.7 -2.423 65.1 176.6 -0.567 134.4 79.5 -0.458 108.6 95.9 0.169 182.7 102.6
D C 1034.3 1035.8 249.3 824.2
F 366.794738 357.514275 -0.621263
E -0.698813 216.734310 77.981577 0.314981
W C 1303.5 1904.1 351.5 1441.3 456.0 677.3 1137.7 792.2 1666.0 1067.9 1771.8 279.3
W E -0.467 99.0 68.9 -2.872 75.4 153.6 -2.424 65.0 176.4 -0.568 134.2 79.2 -0.458 108.6 95.9 0.170 182.0 102.4
D C 1117.9 868.2 321.9 778.7
F 401.664070 337.165506 -0.503947
E -0.676046 215.376497 79.520793 0.316085
W C 1303.5 1904.1 351.5 1441.4 456.1 677.4 1137.1 791.7 1666.0 1067.8 1772.5 279.9
W E -0.467 99.0 68.9 -2.871 75.3 153.6 -2.425 64.9 176.2 -0.568 133.9 78.9 -0.458 108.6 95.9 0.170 181.4 102.2
D C 1169.4 756.9 368.4 738.9
F 401.592044 336.534521 -0.511736
E -0.680548 214.436052 77.830977 0.285225
W C 1303.5 1904.1 351.5 1441.4 456.2 677.6 1136.6 791.3 1666.1 1067.8 1772.9 280.5
W E -0.467 99.0 68.9 -2.871 75.3 153.5 -2.425 64.8 176.1 -0.569 133.7 78.6 -0.458 108.6 95.9 0.170 180.8 102.1
D C 1186.4 692.7 388.9 718.3
F 441.358586 322.534158 -0.369252
E -0.657836 212.822231 79.179213 0.300572
W C 1303.5 1904.1 351.5 1441.4 456.5 677.7 1136.0 790.9 1666.1 1067.8 1773.3 281.0
W E -0.467 99.0 68.9 -2.871 75.3 153.5 -2.426 64.7 176.0 -0.569 133.4 78.3 -0.458 108.6 95.9 0.171 180.2 101.9
D C 1228.1 496.6 441.6 640.4
F 480.317394 311.905774 -0.247523
E -0.636098 210.660118 80.612195 0.309030
W C 1303.6 1904.1 351.5 1441.6 456.5 677.9 1135.5 790.3 1666.1 1067.8 1774.0 281.7
W E -0.467 99.0 68.9 -2.870 75.3 153.5 -2.426 64.6 175.9 -0.569 133.2 78.1 -0.458 108.6 95.9 0.171 179.6 101.7
D C 1241.8 441.1 458.4 619.1
F 521.108220 307.006218 -0.119609
E -0.615725 208.101372 82.013259 0.311713
W C 1303.6 1904.1 351.5 1441.7 456.5 678.1 1135.0 789.8 1666.1 1067.8 1774.5 282.3
W E -0.467 99.0 68.9 -2.870 75.3 153.4 -2.427 64.6 175.8 -0.569 133.0 77.8 -0.458 108.6 95.9 0.171 179.1 101.5
D C 1244.9 232.8 503.6 533.0
F 523.139063 308.171524 -0.110287
E -0.618537 207.369756 80.370191 0.281560
W C 1303.6 1904.1 351.5 1441.7 456.8 678.2 1134.6 789.3 1666.1 1067.9 1774.6 282.8
W E -0.467 99.0 68.9 -2.870 75.3 153.4 -2.427 64.5 175.7 -0.568 132.8 77.5 -0.459 108.6 95.9 0.172 178.6 101.4
D C 1219.6 102.2 521.9 470.9
F 568.410450 308.361222 -0.063491
E -0.595627 204.290055 80.839931 0.272116
W C 1303.3 1903.5 351.6 1442.5 456.4 679.2 1134.1 789.1 1666.0 1067.9 1774.8 283.7
W E -0.466 98.8 68.7 -2.869 75.2 153.3 -2.427 64.4 175.4 -0.566 132.4 77.2 -0.459 108.6 95.8 0.172 178.1 101.0
D C 1209.0 41.7 528.2 442.3 598.4 1583.6
F 613.903943 311.406645 -0.027005
E -0.572610 200.962504 82.074687 0.268077
W C 1303.1 1903.6 352.2 1442.0 456.1 679.5 1133.8 788.6 1666.1 1067.9 1774.6 284.2
W E -0.466 98.8 68.7 -2.871 75.1 152.9 -2.427 64.3 175.3 -0.566 132.1 76.9 -0.459 108.6 95.8 0.173 177.6 100.8
D C 1155.2 -77.2 513.9 389.1 -227.3 1102.7
F 657.975233 316.278862 0.004871
E -0.549527 197.633508 83.306881 0.265641
W C 1303.0 1903.7 352.8 1441.8 455.4 679.9 1133.7 788.1 1666.0 1067.9 1774.7 284.7
W E -0.466 98.8 68.7 -2.872 74.9 152.5 -2.428 64.3 175.2 -0.565 131.8 76.6 -0.459 108.6 95.8 0.174 177.1 100.6
D C 1138.0 -104.2 504.8 377.4 -217.7 1107.8
F 701.658934 322.551701 0.037843
E -0.526609 194.320389 84.478964 0.263649
W C 1302.9 1903.8 353.2 1441.8 455.0 680.2 1133.7 787.6 1666.0 1067.9 1774.6 285.2
W E -0.466 98.8 68.7 -2.874 74.8 152.1 -2.428 64.2 175.0 -0.563 131.4 76.4 -0.459 108.6 95.8 0.174 176.7 100.3
D C 1079.7 -145.8 471.7 359.5 -234.2 1119.0
F 701.721968 325.962352 0.054554
E -0.527137 193.353024 82.971742 0.240701
W C 1302.8 1903.8 353.3 1441.6 454.7 680.5 1133.7 787.0 1666.0 1067.9 1774.5 285.5
W E -0.466 98.8 68.7 -2.875 74.7 151.8 -2.429 64.1 174.9 -0.562 131.1 76.1 -0.459 108.6 95.8 0.175 176.2 100.1
D C 1061.5 -150.0 458.2 358.1 -251.2 1114.9
F 746.552058 331.377648 0.070509
E -0.503749 189.980125 84.081969 0.251156
W C 1302.8 1903.8 353.4 1441.6 454.6 680.8 1133.7 786.4 1666.0 1067.9 1774.5 285.9
W E -0.466 98.8 68.7 -2.876 74.6 151.5 -2.429 64.1 174.8 -0.561 130.8 75.9 -0.459 108.6 95.8 0.176 175.8 99.8
D C 1016.0 -149.9 411.8 358.0 -302.9 1118.1
F 790.866276 338.218287 0.084581
E -0.477910 186.619910 84.330203 0.248157
W C 1302.8 1903.4 353.4 1442.0 454.1 681.6 1133.6 786.1 1665.9 1067.9 1774.4 286.5
W E -0.464 98.5 68.4 -2.877 74.4 151.0 -2.429 64.0 174.6 -0.558 130.3 75.5 -0.460 108.6 95.8 0.177 175.3 99.4
D C 985.4 -154.7 381.6 355.0 618.0 1482.2 -325.8 1120.5
F 834.125716 344.754990 0.097992
E -0.453301 183.364510 85.512698 0.255149
W C 1302.7 1903.5 353.6 1442.2 453.5 682.1 1134.0 785.4 1665.9 1067.9 1774.2 286.9
W E -0.464 98.5 68.4 -2.879 74.3 150.7 -2.429 63.9 174.5 -0.557 129.9 75.3 -0.460 108.6 95.8 0.178 174.9 99.1
D C 965.4 -154.6 363.7 357.6 -338.5 1125.2
F 876.323087 350.476342 0.102732
E -0.432589 179.647698 85.387596 0.248547
W C 1302.6 1903.5 353.7 1442.6 452.7 682.5 1134.3 784.4 1666.0 1068.5 1773.7 286.8
W E -0.464 98.5 68.4 -2.880 74.1 150.3 -2.430 63.8 174.2 -0.555 129.4 74.9 -0.461 108.1 95.0 0.177 174.0 98.7
D C 920.6 -156.1 865.4 667.9 316.4 356.2 -393.2 1128.9
F 876.595996 350.802238 0.102856
E -0.439179 178.478543 83.236324 0.228322
W C 1302.6 1903.5 353.8 1442.6 452.8 682.6 1134.6 783.7 1665.7 1068.9 1773.9 287.0
W E -0.464 98.5 68.4 -2.880 74.1 150.3 -2.431 63.8 174.1 -0.554 129.0 74.6 -0.464 107.6 94.2 0.175 173.2 98.2
D C 887.6 -156.1 828.7 664.3 284.4 355.9
F 920.782967 355.821090 0.105626
E -0.417601 175.204705 83.310461 0.242294
W C 1302.6 1903.5 353.9 1442.7 452.7 682.8 1134.9 782.9 1665.4 1069.4 1773.9 287.0
W E -0.464 98.5 68.4 -2.880 74.0 150.2 -2.432 63.7 173.9 -0.553 128.5 74.3 -0.466 107.2 93.5 0.174 172.4 97.7
D C 850.6 -157.7 797.1 663.4 250.3 355.9
F 963.750043 360.944976 0.108079
E -0.395591 172.101407 83.437267 0.249235
W C 1302.6 1903.5 353.9 1442.9 452.4 683.0 1135.3 782.1 1665.2 1069.9 1773.8 286.9
W E -0.464 98.5 68.4 -2.880 74.0 150.1 -2.433 63.6 173.8 -0.552 128.0 74.0 -0.467 106.8 92.8 0.173 171.7 97.3
D C 818.5 -162.2 765.7 657.4 220.1 357.8
F 1005.543041 366.461271 0.114719
E -0.372394 169.111784 83.669605 0.253564
W C 1302.6 1903.5 354.0 1443.5 451.6 683.4 1136.0 781.2 1665.2 1070.6 1773.1 286.6
W E -0.464 98.5 68.4 -2.880 74.0 150.1 -2.433 63.6 173.6 -0.552 127.6 73.7 -0.467 106.4 92.2 0.172 171.0 96.8
D C 802.3 -166.7 749.5 655.6 206.9 358.1
F 1006.088830 366.250371 0.111374
E -0.378543 168.175517 81.848483 0.232592
W C 1302.6 1903.5 354.1 1443.4 451.8 683.4 1136.1 780.6 1664.8 1071.0 1773.5 286.6
W E -0.464 98.5 68.4 -2.879 74.0 150.0 -2.434 63.5 173.5 -0.552 127.1 73.4 -0.468 106.0 91.6 0.171 170.4 96.3
D C 758.5 -167.3 700.8 660.0 156.1 358.9
F 1049.356218 371.195369 0.111841
E -0.353747 165.419940 82.107363 0.245204
W C 1302.6 1903.5 354.1 1443.6 451.5 683.6 1136.5 780.0 1664.6 1071.5 1773.5 286.4
W E -0.464 98.5 68.4 -2.879 74.0 150.0 -2.434 63.4 173.4 -0.552 126.7 73.1 -0.467 105.7 91.0 0.170 169.7 95.8
D C 739.3 -167.8 679.8 660.2 139.5 359.2
F 1093.190689 376.016567 0.111259
E -0.328230 162.807520 82.488915 0.252200
W C 1302.6 1903.5 354.2 1443.7 451.3 683.7 1136.9 779.4 1664.3 1072.1 1773.5 286.1
W E -0.464 98.5 68.4 -2.879 74.0 149.9 -2.435 63.4 173.3 -0.552 126.3 72.8 -0.465 105.3 90.4 0.169 169.1 95.3
D C 693.8 -171.0 631.8 664.6 94.7 360.3
F 1136.047323 380.808060 0.112473
E -0.302389 160.371321 82.928178 0.255490
W C 1302.6 1903.4 354.3 1443.9 451.0 683.9 1137.4 778.9 1664.0 1072.6 1773.5 285.9
W E -0.464 98.5 68.4 -2.879 73.9 149.9 -2.435 63.3 173.1 -0.553 125.9 72.6 -0.463 104.9 89.9 0.168 168.6 94.8
D C 666.3 -170.7 595.6 658.1 63.8 362.6
F 1177.608170 385.775184 0.118939
E -0.275642 158.087440 83.434397 0.257506
W C 1302.7 1903.4 354.4 1444.3 450.3 684.2 1138.1 778.4 1663.8 1073.1 1773.1 285.5
W E -0.464 98.5 68.4 -2.879 73.9 149.8 -2.436 63.3 173.0 -0.554 125.6 72.3 -0.460 104.5 89.3 0.168 168.0 94.2
D C 648.8 -174.7 583.1 656.4 47.9 363.1
F 1177.841445 385.463775 0.114991
E -0.281851 157.346772 81.467753 0.235714
W C 1302.7 1903.4 354.4 1444.3 450.4 684.2 1138.1 778.1 1663.5 1073.5 1773.6 285.3
W E -0.464 98.5 68.4 -2.879 73.9 149.8 -2.436 63.3 172.9 -0.555 125.3 72.0 -0.457 104.1 88.8 0.167 167.5 93.7
D C 603.7 -176.6 536.2 654.4 -0.3 365.0
F 1221.657264 390.616725 0.127804
E -0.253703 155.251291 81.983870 0.247626
W C 1302.7 1903.4 354.5 1444.4 450.3 684.3 1138.3 777.7 1663.2 1073.9 1774.1 285.2
W E -0.464 98.5 68.4 -2.879 73.9 149.7 -2.437 63.2 172.9 -0.557 125.0 71.7 -0.453 103.7 88.3 0.167 167.1 93.2
D C 570.1 -174.4 500.0 654.1 -32.9 366.1
F 1265.264850 397.191257 0.193516
E -0.224845 153.193894 82.630511 0.261902
W C 1302.7 1903.4 354.6 1444.6 450.1 684.5 1138.6 777.1 1662.7 1074.2 1774.7 285.3
W E -0.464 98.5 68.4 -2.879 73.9 149.7 -2.437 63.2 172.8 -0.558 124.7 71.4 -0.449 103.3 87.8 0.166 166.6 92.6
D C 540.6 -176.3 467.2 651.6 -64.7 364.7
F 1306.393420 406.742878 0.303252
E -0.196485 151.076037 83.338178 0.281573
W C 1302.7 1903.5 354.7 1444.9 449.8 684.9 1138.9 776.3 1662.2 1074.4 1775.4 285.6
W E -0.464 98.5 68.4 -2.879 73.9 149.6 -2.437 63.2 172.7 -0.559 124.5 71.1 -0.445 103.0 87.3 0.166 166.2 92.1
D C 495.0 -211.8 473.4 623.2 -72.1 366.8
F 1306.581130 404.162832 0.279557
E -0.202964 150.497304 81.352501 0.252246
W C 1302.7 1903.5 354.7 1445.0 449.8 685.0 1139.1 775.7 1661.8 1074.9 1776.1 285.5
W E -0.464 98.5 68.4 -2.879 73.9 149.6 -2.438 63.1 172.6 -0.560 124.3 70.8 -0.440 102.6 86.8 0.165 165.8 91.6
D C 467.3 -233.0 477.6 609.1 -77.0 367.7
F 1346.874458 421.457975 0.419077
E -0.170814 148.137614 81.364145 0.270393
W C 1302.0 1903.3 354.9 1445.4 449.6 685.5 1139.4 775.5 1661.7 1075.1 1776.4 285.0
W E -0.458 98.0 68.2 -2.878 73.9 149.4 -2.438 63.1 172.4 -0.561 123.9 70.4 -0.432 102.1 86.3 0.164 165.4 90.7
D C 384.1 -301.2 513.5 530.3 421.7 1394.0 -68.8 368.2
F 1382.209586 442.784098 0.541138
E -0.145385 145.439759 81.156841 0.268446
W C 1301.8 1903.1 355.0 1445.7 449.5 685.8 1139.4 775.3 1661.4 1075.6 1776.9 284.8
W E -0.453 97.5 68.0 -2.878 73.9 149.3 -2.438 63.1 172.2 -0.561 123.6 70.0 -0.424 101.5 85.8 0.163 165.0 89.8
D C 292.0 -357.5 542.5 445.9 577.0 1315.3 -59.0 372.3
F 1414.404197 464.735536 0.630539
E -0.123564 142.455661 80.959106 0.264772
W C 1301.7 1902.8 355.0 1446.3 449.1 686.3 1139.5 775.2 1661.2 1075.9 1777.5 284.8
W E -0.447 97.0 67.8 -2.878 73.9 149.2 -2.438 63.0 172.1 -0.561 123.3 69.6 -0.416 101.0 85.3 0.161 164.7 89.0
D C 255.9 -377.3 547.0 414.2 621.5 1275.8 -54.4 372.7
F 1414.808381 465.690340 0.631872
E -0.129415 141.860898 79.437592 0.240972
W C 1301.6 1902.8 355.1 1446.2 449.3 686.3 1139.6 774.7 1661.0 1076.4 1778.1 284.5
W E -0.448 97.0 67.8 -2.878 73.9 149.2 -2.438 63.0 172.0 -0.562 123.1 69.3 -0.411 100.6 84.9 0.160 164.4 88.5
D C 187.9 -402.9 556.5 357.8 -47.5 373.2
F 1443.561343 494.953468 0.760251
E -0.107985 138.769581 79.498648 0.255016
W C 1301.7 1902.4 355.1 1446.5 449.1 686.7 1139.5 774.7 1660.7 1077.0 1778.5 284.6
W E -0.442 96.5 67.7 -2.878 73.9 149.0 -2.438 63.0 171.9 -0.561 122.9 68.9 -0.404 100.0 84.4 0.159 164.0 87.7
D C 120.7 -424.8 560.1 299.9 791.8 1126.0 -41.8 374.4
F 1468.418072 526.092966 0.872751
E -0.091345 135.477362 79.579452 0.258926
W C 1301.8 1902.0 355.1 1446.9 448.8 687.0 1139.3 774.6 1660.5 1077.5 1779.2 284.7
W E -0.437 96.1 67.5 -2.878 73.8 148.9 -2.438 63.0 171.7 -0.561 122.6 68.5 -0.397 99.5 84.0 0.157 163.6 87.0
D C 45.3 -442.5 558.3 237.8 874.6 1034.6 -34.7 373.1
F 1489.831649 558.076074 0.978355
E -0.082553 132.110675 80.485191 0.275616
W C 1302.3 1901.8 355.1 1447.0 448.6 687.1 1139.1 774.2 1660.0 1078.1 1780.6 285.0
W E -0.437 96.0 67.5 -2.878 73.8 148.9 -2.438 63.0 171.7 -0.561 122.4 68.1 -0.394 99.1 83.6 0.157 163.3 86.6
D C 8.6 -446.6 556.9 207.5 -31.4 374.2
F 1505.448985 589.083643 1.099018
E -0.071216 128.789296 80.414487 0.261527
W C 1302.1 1901.6 355.2 1447.2 448.2 687.5 1139.0 774.3 1660.1 1078.5 1781.3 284.7
W E -0.433 95.5 67.3 -2.880 73.6 148.5 -2.438 62.9 171.5 -0.560 122.1 67.6 -0.386 98.4 83.2 0.155 162.9 85.9
D C -104.3 -453.2 534.5 120.4 998.4 846.7 194.9 1410.6 -21.0 374.8
F 1503.377711 591.343665 1.112867
E -0.068331 127.870401 78.646847 0.221972
W C 1302.2 1901.2 355.4 1447.5 448.5 687.9 1138.4 773.7 1659.5 1079.1 1782.1 285.3
W E -0.428 95.1 67.2 -2.883 73.4 148.1 -2.439 62.8 171.2 -0.559 121.8 67.1 -0.380 97.8 82.8 0.153 162.5 85.2
D C -178.0 -446.0 512.5 55.6 1055.3 725.2 322.9 1383.0 -9.3 369.3 -318.6 961.9
F 1511.000395 628.064481 1.290499
E -0.058926 124.421633 79.229745 0.245405
W C 1302.2 1900.8 355.5 1447.8 448.8 688.0 1138.2 773.3 1659.4 1079.6 1781.7 285.6
W E -0.424 94.6 67.0 -2.885 73.2 147.7 -2.439 62.6 170.8 -0.557 121.5 66.6 -0.374 97.1 82.4 0.152 162.2 84.8
D C 488.7 -19.1 1115.7 575.6 473.2 1325.7 13.1 361.8 -220.7 993.5
F 1514.168198 664.690853 1.447588
E -0.060490 120.985755 79.480230 0.260032
W C 1302.1 1900.6 355.7 1448.0 448.6 688.4 1138.3 772.9 1659.3 1080.1 1781.3 285.7
W E -0.420 94.2 66.9 -2.887 72.9 147.4 -2.439 62.6 170.7 -0.555 121.3 66.2 -0.366 96.4 82.1 0.150 162.1 84.4
D C 456.0 -83.1 1153.1 425.6 612.4 1247.4 33.3 351.8
F 1510.006058 701.910392 1.621047
E -0.078377 117.725025 79.930253 0.277723
W C 1302.0 1900.6 356.0 1447.8 448.5 688.4 1138.3 772.1 1659.2 1080.6 1781.2 285.9
W E -0.420 94.1 66.9 -2.890 72.7 147.1 -2.439 62.6 170.7 -0.553 121.1 65.8 -0.363 95.9 81.7 0.150 162.0 84.2
D C 388.3 -177.5 791.3 1096.5 58.8 334.4
F 1508.115867 703.713203 1.632755
E -0.068300 117.120767 78.593445 0.241435
W C 1302.1 1900.3 356.2 1448.2 448.2 688.8 1138.0 771.6 1659.3 1080.9 1781.1 286.7
W E -0.416 93.7 66.7 -2.892 72.5 146.8 -2.439 62.6 170.6 -0.551 120.9 65.4 -0.354 95.2 81.4 0.148 161.8 83.8
D C 361.4 -204.4 1167.8 112.3 848.8 1048.9 66.9 327.2
F 1496.429707 741.177703 1.817373
E -0.097115 113.887068 78.266005 0.262298
W C 1302.0 1900.0 356.4 1448.6 447.8 689.3 1137.9 771.1 1659.5 1081.3 1780.7 287.2
W E -0.412 93.3 66.6 -2.894 72.3 146.5 -2.439 62.6 170.5 -0.548 120.6 64.9 -0.341 94.5 81.1 0.147 161.7 83.5
D C 299.1 -257.6 1139.5 -48.1 958.3 919.4 80.4 309.7
F 1480.631355 775.128054 1.976322
E -0.134345 111.205441 77.365870 0.267214
W C 1301.8 1899.8 356.5 1449.0 447.5 689.7 1138.0 770.6 1659.7 1081.6 1780.3 287.4
W E -0.409 92.8 66.4 -2.896 72.1 146.1 -2.439 62.6 170.4 -0.545 120.3 64.5 -0.325 93.9 80.7 0.146 161.5 83.2
D C 230.0 -296.1 1093.5 -195.8 1039.4 787.0 91.0 291.0
F 1461.238078 805.650049 2.119981
E -0.173466 109.059030 76.104349 0.266845
W C 1301.6 1899.6 356.6 1449.4 447.3 690.0 1138.2 770.1 1659.8 1082.2 1779.8 287.3
W E -0.405 92.4 66.3 -2.897 71.9 145.8 -2.439 62.6 170.3 -0.541 120.1 64.1 -0.304 93.2 80.3 0.146 161.4 82.9
D C 160.0 -329.9 1025.6 -345.0 1108.0 642.3 100.3 272.9
F 1439.972839 835.596321 2.196797
E -0.208545 107.083458 74.542698 0.257321
W C 1301.4 1899.4 356.7 1449.7 447.2 690.1 1138.4 769.9 1659.8 1083.1 1779.3 286.4
W E -0.402 92.0 66.2 -2.899 71.7 145.6 -2.439 62.5 170.2 -0.537 119.7 63.7 -0.281 92.6 79.9 0.145 161.3 82.7
D C 126.2 -345.2 988.0 -411.9 1127.3 564.2 103.5 264.0
F 1436.207684 835.897161 2.225938
E -0.198367 106.338781 73.341495 0.227823
W C 1301.4 1899.3 356.7 1450.2 447.0 690.4 1138.5 769.4 1659.8 1083.3 1779.1 286.9
W E -0.399 91.6 66.0 -2.901 71.4 145.3 -2.439 62.5 170.1 -0.533 119.5 63.4 -0.259 92.0 79.4 0.144 161.2 82.5
D C 21.0 -374.4 861.3 -590.0 1181.2 351.4 111.6 238.2
F 1403.690944 869.790365 2.272512
E -0.239024 104.354868 71.996427 0.234889
W C 1301.3 1899.2 356.7 1450.5 447.0 690.5 1138.4 769.1 1659.6 1083.4 1779.3 287.1
W E -0.396 91.2 65.9 -2.902 71.2 145.0 -2.438 62.5 170.0 -0.528 119.1 63.0 -0.235 91.5 78.9 0.144 161.1 82.3
D C -50.1 -379.6 773.3 -670.2 1165.1 240.1 99.6 227.0
F 1369.107967 899.493248 2.331245
E -0.278921 102.599898 70.828557 0.230658
W C 1301.0 1899.0 356.8 1450.9 447.0 691.7 1138.8 768.1 1659.0 1084.0 1779.6 287.0
W E -0.394 90.8 65.7 -2.904 71.0 144.7 -2.438 62.4 169.7 -0.523 118.6 62.7 -0.212 91.0 78.3 0.143 161.0 82.1
D C -106.3 -380.6 702.3 -697.0 1136.0 194.4 558.8 694.9 69.4 222.0
F 1334.211315 927.250112 2.376483
E -0.321994 101.326770 70.277298 0.234292
W C 1300.9 1898.7 356.9 1451.2 447.1 692.6 1139.0 767.2 1658.1 1085.0 1779.8 286.7
W E -0.392 90.4 65.6 -2.905 70.8 144.5 -2.438 62.2 169.4 -0.518 118.1 62.4 -0.198 90.7 78.2 0.143 161.0 82.0
D C 638.2 -720.6 1103.8 147.3 549.8 679.4 42.0 219.2
F 1330.181427 927.071529 2.392815
E -0.324629 100.689894 69.306464 0.212413
W C 1300.9 1898.3 357.3 1451.3 447.6 693.0 1140.4 765.1 1656.3 1086.4 1780.1 287.1
W E -0.390 90.1 65.4 -2.906 70.6 144.2 -2.438 62.0 169.2 -0.513 117.7 62.1 -0.187 90.5 78.1 0.143 161.0 81.9
D C 583.9 -723.9 1056.0 144.2 505.9 678.8 -5.6 223.2
F 1293.688966 956.432945 2.412502
E -0.373302 99.710199 68.861094 0.227151
W C 1300.7 1898.1 357.6 1451.6 447.8 693.5 1141.1 764.1 1655.4 1087.2 1780.2 287.1
W E -0.389 89.8 65.3 -2.907 70.4 144.0 -2.438 61.9 168.9 -0.510 117.2 61.9 -0.178 90.3 78.0 0.142 160.9 81.8
D C 568.0 -722.2 1029.5 143.8 487.8 675.9 -21.7 225.9
F 1257.918983 984.364305 2.433898
E -0.421966 99.143271 68.798110 0.237306
W C 1300.3 1898.0 357.8 1451.9 448.0 693.9 1141.4 763.5 1655.0 1087.5 1780.2 287.1
W E -0.388 89.4 65.2 -2.908 70.2 143.7 -2.438 61.7 168.6 -0.508 117.1 61.8 -0.171 90.2 77.9 0.142 160.9 81.8
D C 539.2 -725.9 994.3 145.1 452.1 682.3
F 1222.177678 1011.711215 2.448321
E -0.471434 98.744414 68.961020 0.242441
W C 1299.8 1897.9 357.9 1452.3 448.0 694.4 1141.6 763.1 1654.9 1087.6 1780.1 287.0
W E -0.387 89.1 65.0 -2.909 70.0 143.5 -2.438 61.6 168.3 -0.507 117.0 61.8 -0.165 90.1 77.8 0.142 160.9 81.7
D C 502.1 -721.1 959.5 143.1 423.8 679.6
F 1220.774409 1011.053336 2.456770
E -0.478238 98.362192 67.825010 0.220535
W C 1299.6 1897.7 358.2 1452.4 448.3 694.5 1141.5 763.0 1654.5 1087.8 1780.0 287.0
W E -0.386 88.8 64.9 -2.910 69.8 143.3 -2.438 61.4 168.1 -0.506 116.9 61.7 -0.160 90.0 77.8 0.142 160.9 81.6
D C 472.7 -720.6 927.4 144.1 389.9 684.6
F 1185.311860 1038.187399 2.465597
E -0.528607 98.173519 67.925934 0.233422
W C 1299.2 1897.6 358.5 1452.6 448.5 694.8 1141.5 762.9 1654.4 1087.9 1779.9 287.0
W E -0.386 88.5 64.8 -2.911 69.6 143.0 -2.438 61.3 167.8 -0.505 116.8 61.6 -0.156 89.9 77.7 0.142 160.9 81.6
D C 439.7 -722.3 894.6 141.8 365.5 685.0
F 1149.593477 1065.331014 2.473879
E -0.580093 98.143118 68.270945 0.240691
W C 1298.7 1897.5 358.6 1452.9 448.6 695.1 1141.5 762.8 1654.3 1087.9 1779.8 286.9
W E -0.386 88.2 64.6 -2.912 69.4 142.8 -2.438 61.1 167.5 -0.504 116.8 61.5 -0.152 89.8 77.7 0.142 160.9 81.5
D C 408.0 -724.1 862.3 144.8 327.5 688.2
F 1115.004827 1094.164065 2.478655
E -0.632602 98.252074 68.787543 0.244358
W C 1298.3 1897.5 358.8 1453.2 448.7 695.3 1141.5 762.7 1654.3 1087.9 1779.7 286.8
W E -0.386 87.9 64.5 -2.913 69.2 142.6 -2.437 61.0 167.3 -0.504 116.7 61.5 -0.148 89.7 77.6 0.142 160.9 81.4
D C 363.4 -720.5 813.0 149.4 278.9 692.8
F 1079.680051 1120.699745 2.484239
E -0.686541 98.509413 69.421424 0.246194
W C 1297.5 1897.6 359.0 1453.7 448.5 695.9 1141.7 762.5 1654.5 1087.6 1779.6 286.5
W E -0.387 87.5 64.4 -2.913 69.0 142.3 -2.437 60.9 167.0 -0.503 116.6 61.4 -0.145 89.7 77.6 0.142 160.9 81.4
D C 347.9 -722.6 793.1 145.8 265.8 690.5
F 1044.581656 1147.083256 2.485280
E -0.741740 98.912441 70.130113 0.247141
W C 1296.7 1897.8 359.1 1454.2 448.3 696.6 1141.9 762.2 1654.8 1087.3 1779.5 286.2
W E -0.387 87.2 64.3 -2.914 68.8 142.1 -2.437 60.7 166.7 -0.502 116.6 61.4 -0.141 89.6 77.5 0.142 160.9 81.3
D C 313.2 -723.1 758.5 146.6 233.0 692.6
F 1044.107470 1146.919068 2.486325
E -0.739959 98.563966 68.506849 0.223921
W C 1296.2 1897.7 359.4 1454.4 448.5 696.6 1141.8 762.2 1654.7 1087.3 1779.4 286.2
W E -0.388 86.9 64.1 -2.914 68.6 141.9 -2.437 60.6 166.5 -0.501 116.5 61.3 -0.138 89.5 77.5 0.142 160.8 81.3
D C 264.4 -723.1 708.3 143.7 184.1 692.2
F 1008.503032 1173.787976 2.487516
E -2.364976 69.153724 99.140607 0.236364
W C 1295.6 1897.7 359.6 1454.8 448.5 697.0 1141.9 762.1 1654.9 1087.2 1779.3 286.0
W E -0.389 86.6 64.0 -2.914 68.4 141.7 -2.436 60.5 166.2 -0.501 116.5 61.3 -0.135 89.5 77.5 0.142 160.8 81.2
D C 249.0 -721.9 691.2 144.6 166.4 693.4
F 973.120553 1200.489165 2.488353
E -2.419803 69.920439 99.850296 0.242565
W C 1294.9 1897.8 359.8 1455.1 448.5 697.3 1142.0 762.0 1655.0 1087.0 1779.2 285.8
W E -0.390 86.3 63.9 -2.915 68.2 141.4 -2.436 60.3 166.0 -0.500 116.4 61.2 -0.132 89.4 77.4 0.142 160.8 81.2
D C 200.8 -723.4 644.3 145.2 118.3 697.5
F 936.846294 1226.433345 2.497900
E -2.474395 71.421211 100.869330 0.255678
W C 1294.7 1897.8 359.7 1455.4 448.4 697.6 1142.1 761.9 1655.1 1086.9 1779.2 285.7
W E -0.391 86.2 63.9 -2.916 68.1 141.3 -2.436 60.2 165.8 -0.500 116.4 61.2 -0.131 89.4 77.4 0.142 160.8 81.2
D C 625.4 147.0 103.3 700.2
F 937.121509 1226.335349 2.496181
E -2.468243 69.678673 100.481805 0.230119
W C 1294.1 1897.9 360.0 1455.7 448.3 697.8 1142.2 761.8 1655.2 1086.8 1779.1 285.6
W E -0.393 85.9 63.8 -2.916 67.9 141.1 -2.436 60.1 165.6 -0.500 116.4 61.1 -0.128 89.4 77.4 0.142 160.8 81.1
D C 153.4 -722.0 592.6 145.0 75.1 701.7
F 900.584110 1252.873919 2.505807
E -2.521158 71.112353 101.677850 0.248844
W C 1294.0 1897.9 360.1 1455.8 448.5 697.8 1142.1 761.8 1655.1 1086.8 1779.1 285.6
W E -0.394 85.8 63.8 -2.917 67.7 140.9 -2.436 60.0 165.4 -0.500 116.4 61.1 -0.127 89.3 77.4 0.142 160.8 81.1
D C 548.2 148.5 25.4 704.5
F 865.367399 1276.728343 2.616044
E -2.568221 72.155652 103.577863 0.271014
W C 1292.8 1898.3 360.4 1456.1 448.5 698.2 1142.4 761.3 1655.4 1086.4 1779.0 285.1
W E -0.395 85.5 63.6 -2.917 67.6 140.7 -2.435 59.9 165.2 -0.499 116.4 61.1 -0.125 89.3 77.3 0.141 160.8 81.1
D C 94.8 -727.4 530.3 145.4 6.0 704.9
F 832.330583 1293.591762 2.773111
E -2.588174 73.445823 106.283257 0.303546
W C 1291.6 1898.8 360.8 1456.4 448.6 698.6 1142.6 760.8 1655.7 1085.9 1778.8 284.6
W E -0.397 85.2 63.5 -2.917 67.4 140.5 -2.435 59.7 165.0 -0.498 116.3 61.0 -0.122 89.2 77.3 0.141 160.8 81.0
D C -17.4 -730.3 501.2 85.8 46.7 697.9
F 806.321800 1305.644253 2.867523
E -2.604632 74.068244 108.250768 0.299772
W C 1290.4 1899.4 361.1 1456.7 448.6 699.0 1143.0 760.2 1656.1 1085.4 1778.8 284.0
W E -0.399 84.9 63.4 -2.917 67.2 140.3 -2.435 59.6 164.8 -0.498 116.3 61.0 -0.120 89.2 77.3 0.142 160.8 81.0
D C -69.5 -734.5 488.2 51.5 80.8 694.3
F 807.456481 1305.559437 2.855144
E -2.598771 72.600023 107.689937 0.259133
W C 1289.4 1899.7 361.4 1457.0 448.7 699.1 1143.2 759.9 1656.3 1085.2 1778.8 283.7
W E -0.401 84.6 63.3 -2.917 67.0 140.1 -2.434 59.5 164.6 -0.497 116.2 61.0 -0.118 89.2 77.3 0.142 160.8 81.0
D C -201.2 -720.6 470.1 -31.4 163.9 665.1
F 775.362637 1306.707019 3.047970
E -2.611461 73.486276 109.753119 0.286325
W C 1288.4 1900.0 361.7 1457.3 448.7 699.2 1143.5 759.5 1656.6 1084.9 1778.9 283.4
W E -0.403 84.4 63.2 -2.917 66.8 139.9 -2.434 59.4 164.4 -0.497 116.2 60.9 -0.116 89.1 77.2 0.142 160.8 80.9
D C -325.3 -689.0 438.1 -100.9 236.4 637.5
F 743.383185 1302.123491 -3.037519
E -2.623304 74.693492 111.983518 0.308074
W C 1288.9 1899.8 361.4 1457.3 448.8 699.3 1143.4 759.6 1656.5 1084.9 1778.8 283.5
W E -0.404 84.2 63.2 -2.917 66.7 139.8 -2.434 59.3 164.3 -0.497 116.2 60.9 -0.115 89.1 77.2 0.142 160.8 80.9
D C 394.8 -176.1 312.9 586.5
F 712.721561 1289.830911 -2.823105
E -2.634859 75.770873 114.381108 0.318974
W C 1289.0 1899.7 361.1 1457.4 449.0 699.3 1143.4 759.6 1656.5 1084.9 1778.8 283.5
W E -0.405 84.2 63.2 -2.918 66.6 139.7 -2.434 59.2 164.1 -0.497 116.2 60.9 -0.115 89.1 77.2 0.142 160.8 80.9
D C 305.4 -271.4 408.1 491.9
F 712.473860 1288.530175 -2.812526
E -2.630603 74.666278 113.977321 0.282095
W C 1288.9 1899.8 361.1 1457.6 449.2 699.3 1143.4 759.6 1656.5 1084.9 1778.8 283.4
W E -0.406 84.1 63.2 -2.918 66.5 139.5 -2.434 59.1 164.0 -0.497 116.2 60.9 -0.114 89.1 77.2 0.142 160.8 80.9
D C 272.6 -298.5 432.8 455.2
F 685.066806 1268.513958 -2.590310
E -2.643069 75.575059 116.335939 0.296020
W C 1288.9 1899.7 360.9 1457.8 449.2 699.2 1143.4 759.8 1656.5 1084.8 1778.7 283.3
W E -0.407 84.0 63.2 -2.918 66.3 139.4 -2.434 59.0 163.8 -0.497 116.1 60.8 -0.114 89.1 77.2 0.141 160.7 80.9
D C 197.6 -343.3 477.5 375.6 -139.4 637.0
F 663.011544 1246.107682 -2.404271
E -2.651899 75.761675 118.776876 0.297233
W C 1289.2 1899.5 360.6 1457.9 449.3 699.3 1143.3 760.0 1656.6 1084.7 1778.6 283.3
W E -0.408 84.0 63.2 -2.919 66.2 139.3 -2.434 58.9 163.7 -0.497 116.0 60.8 -0.113 89.0 77.2 0.141 160.7 80.9
D C 121.6 -374.7 509.4 295.3 -59.8 642.2
F 645.354578 1221.571038 -2.236388
E -2.654892 75.560179 121.269833 0.297277
W C 1289.6 1899.4 360.0 1458.0 449.3 699.3 1143.3 760.2 1656.7 1084.6 1778.6 283.3
W E -0.409 83.9 63.1 -2.919 66.1 139.2 -2.434 58.8 163.5 -0.497 116.0 60.7 -0.113 89.0 77.2 0.141 160.7 80.9
D C 44.4 -397.5 526.6 212.9 9.4 643.2
F 633.901216 1193.119769 -2.047902
E -2.651834 75.068482 123.657588 0.295329
W C 1289.9 1899.3 359.6 1458.1 449.3 699.3 1143.2 760.4 1656.9 1084.5 1778.6 283.3
W E -0.410 83.9 63.1 -2.920 66.0 139.1 -2.434 58.7 163.4 -0.497 115.9 60.6 -0.112 89.0 77.2 0.141 160.7 80.9
D C -79.6 -408.3 527.6 77.0 122.2 616.6
F 635.522674 1192.533699 -2.035938
E -2.655361 73.474798 123.043499 0.248629
W C 1290.1 1899.3 359.1 1458.0 449.5 699.4 1143.1 760.7 1657.1 1084.0 1778.6 283.3
W E -0.411 83.8 63.1 -2.920 65.8 139.0 -2.434 58.6 163.2 -0.497 115.9 60.5 -0.113 88.8 77.1 0.141 160.7 80.9
D C -117.1 -404.9 518.4 38.6 154.2 601.9 -301.8 992.1
F 631.611620 1159.288369 -1.800569
E -2.653547 73.523260 125.445815 0.279229
W C 1290.2 1899.4 359.1 1457.9 449.6 699.3 1143.0 761.0 1657.1 1083.7 1778.6 283.3
W E -0.411 83.8 63.1 -2.920 65.8 139.0 -2.434 58.5 163.1 -0.497 115.8 60.4 -0.115 88.7 76.9 0.141 160.7 80.9
D C 484.2 -80.6 250.5 552.4 -114.8 1028.0
F 631.210137 1126.821059 -1.615136
E -2.642355 73.041421 127.585943 0.290497
W C 1290.1 1899.4 359.2 1458.0 449.8 698.9 1142.9 761.2 1657.1 1083.8 1778.6 283.3
W E -0.411 83.8 63.1 -2.920 65.8 139.0 -2.435 58.4 162.9 -0.497 115.8 60.3 -0.117 88.5 76.8 0.141 160.6 80.8
D C 463.7 -129.5 284.9 522.4 -45.0 1028.0
F 633.332364 1083.728354 -1.549122
E -2.610638 72.113247 129.623878 0.272488
W C 1290.1 1899.4 359.2 1458.0 450.1 698.5 1142.7 761.4 1657.0 1083.6 1778.7 283.4
W E -0.411 83.8 63.1 -2.920 65.8 138.9 -2.435 58.3 162.7 -0.497 115.7 60.2 -0.120 88.4 76.7 0.141 160.6 80.8
D C 417.6 -200.3 332.5 472.9 77.4 1016.9
F 638.674021 1082.629155 -1.504632
E -2.615868 71.366755 129.085510 0.242966
W C 1290.2 1899.4 359.1 1457.8 450.0 698.6 1142.7 761.6 1657.1 1083.4 1778.7 283.5
W E -0.411 83.8 63.1 -2.920 65.7 138.9 -2.435 58.2 162.6 -0.497 115.6 60.1 -0.122 88.2 76.6 0.141 160.6 80.8
D C 340.7 -282.7 370.5 402.0 195.8 988.2
F 646.468116 1038.262245 -1.464541
E -2.581852 70.489700 130.930094 0.247513
W C 1290.3 1899.5 359.0 1457.8 450.1 698.5 1142.6 761.7 1657.1 1083.2 1778.7 283.5
W E -0.411 83.7 63.1 -2.920 65.7 138.9 -2.436 58.1 162.4 -0.497 115.6 60.0 -0.125 88.1 76.5 0.140 160.5 80.8
D C 319.3 -281.9 353.5 402.9 185.7 984.8
F 659.182347 993.625102 -1.403887
E -2.548625 69.825641 132.540534 0.240616
W C 1290.3 1899.5 358.8 1457.6 450.5 698.1 1142.6 762.0 1657.3 1083.2 1777.6 283.0
W E -0.411 83.7 63.1 -2.920 65.7 138.8 -2.436 58.0 162.2 -0.497 115.5 59.8 -0.128 88.0 76.4 0.141 160.3 80.7
D C 240.6 -305.9 991.3 835.3 327.0 374.9 198.7 971.5
F 672.227454 950.589116 -1.360222
E -2.513824 69.352774 133.993278 0.237484
W C 1290.3 1899.6 358.7 1457.8 451.0 697.7 1142.4 762.1 1657.3 1083.2 1777.1 282.6
W E -0.411 83.7 63.1 -2.920 65.7 138.8 -2.436 57.9 162.0 -0.497 115.5 59.7 -0.130 87.8 76.2 0.142 160.0 80.5
D C 214.0 -309.4 977.9 824.1 314.1 371.6 186.3 971.4
F 684.979370 909.582030 -1.330864
E -2.478367 69.026218 135.313929 0.235515
W C 1290.3 1899.7 358.6 1458.2 451.5 697.0 1142.2 762.2 1657.2 1083.2 1776.8 282.4
W E -0.411 83.7 63.1 -2.920 65.7 138.7 -2.436 57.8 161.8 -0.497 115.4 59.5 -0.133 87.7 76.1 0.143 159.8 80.3
D C 178.8 -306.2 951.2 821.8 285.9 373.9 158.4 970.3
F 687.373799 908.816058 -1.317336
E -2.480218 67.995441 134.568727 0.212242
W C 1290.3 1899.6 358.6 1457.9 451.6 696.9 1142.2 762.4 1657.3 1083.2 1776.4 282.3
W E -0.411 83.7 63.1 -2.920 65.7 138.7 -2.436 57.8 161.7 -0.497 115.3 59.4 -0.135 87.5 76.0 0.143 159.6 80.2
D C 128.9 -302.7 907.0 823.3 235.7 375.3 107.0 971.2
F 700.166464 866.416530 -1.305187
E -2.443468 67.680605 135.970434 0.225228
W C 1290.3 1899.7 358.6 1458.1 451.9 696.4 1142.1 762.6 1657.3 1083.1 1776.1 282.3
W E -0.411 83.7 63.1 -2.919 65.7 138.6 -2.436 57.7 161.5 -0.496 115.3 59.2 -0.138 87.4 75.8 0.144 159.3 80.1
D C 113.7 -302.3 890.0 822.9 222.3 376.8 94.9 971.5
F 713.318925 823.977800 -1.296170
E -2.405596 67.549689 137.483930 0.231958
W C 1290.3 1899.7 358.6 1458.3 452.1 695.9 1142.0 762.8 1657.3 1083.1 1775.7 282.2
W E -0.411 83.7 63.1 -2.919 65.6 138.6 -2.436 57.6 161.3 -0.496 115.2 59.1 -0.140 87.3 75.7 0.145 159.1 79.9
D C 66.0 -310.7 840.0 820.9 174.6 375.8 44.1 974.0
F 726.431945 782.899380 -1.289795
E -2.367298 67.538568 139.153532 0.235646
W C 1290.4 1899.8 358.6 1458.7 452.3 695.1 1141.9 763.0 1657.3 1083.1 1775.4 282.2
W E -0.411 83.7 63.1 -2.919 65.6 138.5 -2.436 57.4 161.2 -0.496 115.1 58.9 -0.142 87.2 75.6 0.145 158.9 79.8
D C 33.1 -313.4 805.3 821.5 142.7 377.7 11.2 970.1
F 739.678545 743.754232 -1.284231
E -0.757987 141.064945 67.641256 0.238795
W C 1290.6 1900.0 358.7 1459.7 452.0 694.0 1141.7 763.3 1657.2 1083.2 1775.1 282.3
W E -0.411 83.7 63.0 -2.919 65.6 138.5 -2.435 57.3 161.0 -0.495 115.1 58.8 -0.145 87.1 75.4 0.146 158.7 79.6
D C 19.5 -314.1 787.0 817.8 126.4 379.8 -3.7 969.8
F 740.462429 743.566404 -1.283807
E -0.757826 140.440290 66.265449 0.216261
W C 1290.7 1900.0 358.7 1459.5 452.2 693.5 1141.7 763.6 1657.3 1083.1 1774.7 282.3
W E -0.411 83.7 63.0 -2.919 65.6 138.4 -2.435 57.1 160.9 -0.494 115.0 58.6 -0.147 86.9 75.3 0.146 158.5 79.5
D C -32.5 -322.0 739.6 817.2 75.5 375.2 -57.4 971.4
F 756.073260 702.821334 -1.216444
E -0.721596 142.547001 66.481789 0.237956
W C 1290.9 1900.0 358.9 1459.9 452.0 692.5 1141.6 764.0 1657.4 1083.2 1774.5 282.4
W E -0.411 83.6 63.0 -2.918 65.6 138.4 -2.435 57.0 160.8 -0.494 115.0 58.5 -0.149 86.8 75.2 0.147 158.3 79.4
D C -47.5 -322.1 722.7 813.6 62.7 376.4 -69.6 973.6
F 774.333520 663.540608 -1.146753
E -0.683317 144.662946 67.227785 0.257974
W C 1291.1 1900.1 359.0 1460.3 451.7 691.6 1141.5 764.5 1657.7 1083.1 1774.3 282.7
W E -0.411 83.6 63.0 -2.918 65.6 138.3 -2.435 56.9 160.6 -0.493 114.9 58.3 -0.149 86.8 75.1 0.147 158.1 79.3
D C -112.3 -327.2 725.8 768.1 37.2 368.9
F 796.307130 624.043624 -1.060967
E -0.644674 146.962692 68.525070 0.277659
W C 1291.1 1900.1 359.0 1460.2 451.8 691.5 1141.4 764.6 1657.7 1083.0 1774.3 282.8
W E -0.411 83.6 63.0 -2.918 65.6 138.3 -2.435 56.9 160.5 -0.492 114.8 58.3 -0.149 86.8 75.1 0.148 158.0 79.1
D C 737.4 716.2 29.7 360.8
F 796.757296 623.348702 -1.064081
E -0.647865 146.597994 67.619829 0.257422
W C 1291.1 1900.1 359.0 1459.9 452.2 691.1 1141.2 764.8 1657.9 1083.0 1773.9 282.8
W E -0.411 83.6 63.0 -2.918 65.6 138.3 -2.435 56.8 160.5 -0.492 114.8 58.2 -0.149 86.8 75.1 0.148 157.8 79.0
D C 749.0 659.2 21.4 352.5
F 822.627923 586.204205 -0.975235
E -0.608328 148.716955 68.869741 0.278290
W C 1291.2 1900.0 359.1 1459.8 452.4 690.9 1141.1 764.9 1657.9 1082.9 1773.7 282.8
W E -0.411 83.6 63.0 -2.918 65.6 138.3 -2.435 56.8 160.4 -0.491 114.7 58.1 -0.149 86.8 75.1 0.149 157.7 78.9
D C 758.7 612.0 13.7 349.5
F 850.784968 551.153246 -0.891136
E -0.566587 150.623196 70.438890 0.291234
W C 1291.2 1900.0 359.1 1459.8 452.4 690.9 1141.0 764.9 1658.0 1082.9 1773.7 283.0
W E -0.411 83.6 63.0 -2.918 65.6 138.2 -2.435 56.8 160.3 -0.491 114.6 58.0 -0.149 86.8 75.1 0.150 157.6 78.8
D C 758.2 585.2 7.2 348.2
F 881.605928 519.194643 -0.803518
E -0.524341 152.243677 72.233241 0.298912
W C 1291.2 1900.0 359.1 1459.8 452.5 690.9 1140.9 764.8 1658.0 1082.9 1773.8 283.1
W E -0.411 83.6 63.0 -2.918 65.6 138.2 -2.435 56.8 160.2 -0.490 114.6 58.0 -0.149 86.8 75.1 0.150 157.4 78.8
D C 770.6 508.9 -4.5 342.3
F 881.828031 518.907111 -0.805978
E -0.530510 151.681956 71.100034 0.274761
W C 1291.2 1900.0 359.1 1459.7 452.6 690.8 1140.8 764.8 1658.0 1082.9 1773.6 283.2
W E -0.411 83.6 63.0 -2.918 65.6 138.2 -2.435 56.8 160.1 -0.490 114.5 57.9 -0.149 86.8 75.1 0.151 157.3 78.7
D C 766.6 476.4 -6.5 341.0
F 912.586274 501.178884 -0.725031
E -0.492291 152.806255 72.166469 0.279222
W C 1291.3 1900.0 359.1 1459.5 453.0 690.4 1140.7 764.9 1658.1 1083.0 1773.5 283.1
W E -0.411 83.6 63.0 -2.918 65.6 138.2 -2.435 56.8 159.9 -0.489 114.4 57.8 -0.151 86.7 74.9 0.151 157.2 78.5
D C 760.5 392.3 151.5 927.9 -23.1 337.4
F 949.356285 475.773221 -0.577710
E -0.455035 153.752589 73.305216 0.296679
W C 1291.3 1899.9 359.2 1459.4 453.3 690.2 1140.6 764.8 1657.9 1083.3 1773.4 283.1
W E -0.411 83.6 63.0 -2.918 65.6 138.2 -2.435 56.8 159.8 -0.489 114.3 57.8 -0.154 86.6 74.8 0.151 157.0 78.4
D C 755.6 338.4 180.4 910.6 -30.4 337.6
F 986.469056 454.552136 -0.452589
E -0.418074 154.020932 74.408840 0.302786
W C 1291.4 1899.9 359.3 1459.4 453.4 690.2 1140.6 764.4 1657.7 1083.5 1773.5 283.3
W E -0.411 83.6 63.0 -2.918 65.6 138.2 -2.435 56.8 159.7 -0.489 114.2 57.7 -0.156 86.5 74.6 0.151 156.8 78.3
D C 757.7 290.3 220.0 892.9 -24.9 334.6
F 1023.854507 439.449696 -0.343120
E -0.384973 153.655635 75.302703 0.295973
W C 1291.4 1899.9 359.3 1459.5 453.4 690.3 1140.5 764.2 1657.5 1083.6 1773.6 283.4
W E -0.411 83.6 63.0 -2.918 65.6 138.2 -2.435 56.8 159.7 -0.489 114.1 57.7 -0.159 86.4 74.5 0.152 156.7 78.1
D C 753.6 172.2 303.5 850.2 -19.5 330.7
F 1024.866939 439.129614 -0.348422
E -0.394786 152.879482 73.680433 0.262513
W C 1291.4 1899.9 359.4 1459.4 453.7 690.0 1140.4 764.3 1657.5 1083.7 1773.7 283.4
W E -0.411 83.6 63.0 -2.918 65.6 138.2 -2.435 56.8 159.6 -0.489 114.0 57.6 -0.161 86.3 74.3 0.152 156.5 78.0
D C 738.4 98.5 347.6 819.4 -20.3 325.7
F 1065.359362 430.692847 -0.226191
E -0.362120 152.226000 74.382130 0.274239
W C 1291.5 1899.9 359.4 1459.4 453.9 689.9 1140.3 764.3 1657.4 1083.8 1773.8 283.4
W E -0.411 83.6 63.0 -2.918 65.6 138.1 -2.435 56.8 159.5 -0.489 113.9 57.5 -0.163 86.2 74.2 0.152 156.4 77.8
D C 717.3 27.0 393.3 776.9 -18.0 321.5
F 1105.435040 426.666047 -0.108365
E -0.331380 151.135802 75.111472 0.279090
W C 1291.5 1899.9 359.4 1459.4 454.0 689.9 1140.2 764.2 1657.3 1083.8 1774.0 283.5
W E -0.411 83.6 63.0 -2.918 65.6 138.1 -2.435 56.8 159.5 -0.489 113.8 57.5 -0.165 86.2 74.0 0.152 156.2 77.7
D C 686.3 -48.0 429.1 732.3 -16.8 318.1
F 1144.833543 425.158519 -0.001026
E -0.301229 149.662525 75.917530 0.283293
W C 1291.5 1899.9 359.5 1459.5 453.8 690.1 1140.3 764.0 1657.1 1083.9 1774.3 283.6
W E -0.410 83.6 63.0 -2.918 65.6 138.1 -2.435 56.8 159.4 -0.490 113.7 57.4 -0.167 86.1 73.9 0.152 156.1 77.5
D C 674.1 -78.4 446.2 710.7 -17.8 317.5
F 1186.938963 428.412494 0.059847
E -0.272313 147.838403 76.742231 0.273132
W C 1291.4 1899.9 359.4 1459.5 453.7 690.2 1140.5 763.9 1657.0 1083.9 1774.6 283.6
W E -0.410 83.6 63.0 -2.918 65.5 138.1 -2.435 56.8 159.4 -0.490 113.7 57.4 -0.169 86.0 73.7 0.153 155.9 77.4
D C 609.6 -186.5 504.6 627.4 -14.5 310.6
F 1188.295446 432.067659 0.081460
E -0.280646 147.178347 74.368509 0.238893
W C 1291.8 1899.6 359.4 1459.7 453.7 690.3 1140.1 764.1 1656.8 1084.2 1774.8 283.8
W E -0.408 83.5 62.9 -2.918 65.5 138.1 -2.435 56.8 159.3 -0.490 113.6 57.3 -0.168 85.9 73.5 0.153 155.8 77.1
D C 563.9 -251.5 530.6 579.1 277.6 1401.2 -14.4 307.3
F 1233.393871 439.555284 0.107932
E -0.249601 145.307653 75.171748 0.248575
W C 1291.6 1899.6 359.4 1459.7 453.8 690.3 1140.1 764.2 1656.8 1084.3 1775.0 283.5
W E -0.408 83.5 62.9 -2.918 65.5 138.1 -2.435 56.8 159.2 -0.491 113.5 57.2 -0.170 85.8 73.4 0.153 155.6 77.0
D C 514.5 -280.6 518.6 548.9 -35.7 302.6
F 1277.691369 449.552090 0.144574
E -0.219438 143.527632 76.016699 0.253192
W C 1291.5 1899.7 359.4 1459.7 453.8 690.3 1140.1 764.3 1656.8 1084.3 1775.1 283.2
W E -0.408 83.4 62.9 -2.918 65.5 138.0 -2.435 56.8 159.2 -0.491 113.4 57.1 -0.171 85.7 73.2 0.153 155.5 76.8
D C 462.0 -312.3 514.2 521.3 -55.7 302.8
F 1321.456650 461.870188 0.180411
E -0.186736 142.052653 76.446422 0.250011
W C 1292.0 1899.4 359.3 1459.9 453.6 690.4 1139.3 764.5 1656.8 1084.8 1775.5 283.5
W E -0.405 83.3 62.8 -2.917 65.5 138.0 -2.435 56.7 159.1 -0.491 113.4 57.1 -0.169 85.6 73.0 0.153 155.4 76.5
D C 438.5 -324.7 505.4 512.4 343.0 1356.1
F 1322.589199 465.096723 0.197663
E -0.191177 141.718857 74.950082 0.232097
W C 1291.9 1899.4 359.4 1459.8 453.9 690.2 1139.3 764.6 1656.8 1085.0 1775.7 283.1
W E -0.405 83.3 62.8 -2.917 65.5 138.0 -2.435 56.7 159.1 -0.492 113.4 57.0 -0.169 85.6 72.9 0.153 155.3 76.4
D C 383.7 -330.5 458.1 506.2
F 1366.729169 477.401773 0.218616
E -0.157262 140.187357 75.419019 0.240486
W C 1292.1 1899.2 359.3 1460.0 453.8 690.4 1139.0 764.7 1656.8 1085.3 1775.9 283.2
W E -0.402 83.1 62.7 -2.917 65.5 137.9 -2.435 56.7 159.0 -0.491 113.3 57.0 -0.166 85.4 72.7 0.153 155.1 76.1
D C 366.5 -329.6 439.9 510.8 282.2 1358.8
F 1409.916115 489.848837 0.233249
E -0.124631 138.720203 75.861075 0.243653
W C 1292.3 1898.9 359.3 1460.1 453.7 690.5 1138.8 764.9 1656.6 1085.6 1776.0 283.2
W E -0.399 83.0 62.6 -2.917 65.5 137.8 -2.435 56.7 158.9 -0.491 113.2 56.9 -0.164 85.3 72.5 0.153 155.0 75.8
D C 314.1 -329.4 389.6 509.6 234.2 1355.6
F 1453.280204 501.774616 0.242337
E -0.094273 137.342111 76.872932 0.254901
W C 1292.2 1899.0 359.3 1460.2 453.7 690.6 1138.7 764.9 1656.7 1085.7 1776.2 282.9
W E -0.399 83.0 62.6 -2.917 65.5 137.8 -2.435 56.7 158.8 -0.491 113.2 56.9 -0.163 85.3 72.4 0.153 154.9 75.7
D C 281.4 -334.0 358.1 509.2
F 1495.017844 513.585341 0.250071
E -0.061788 135.947098 77.524844 0.251685
W C 1292.4 1898.8 359.2 1460.5 453.3 691.0 1138.3 765.0 1656.8 1085.8 1776.6 283.1
W E -0.396 82.8 62.6 -2.917 65.5 137.8 -2.435 56.7 158.7 -0.491 113.1 56.9 -0.161 85.1 72.2 0.153 154.8 75.4
D C 264.3 -331.8 342.2 513.0 188.3 1362.5
F 1495.574743 514.774917 0.255283
E -0.065307 135.390827 76.218831 0.233944
W C 1292.3 1898.8 359.2 1460.4 453.5 690.9 1138.4 765.0 1656.7 1086.0 1776.7 282.8
W E -0.396 82.8 62.6 -2.917 65.5 137.8 -2.435 56.7 158.7 -0.492 113.1 56.9 -0.160 85.1 72.1 0.153 154.7 75.3
D C 211.3 -333.1 291.9 512.5
F 1539.618443 527.078334 0.259154
E -0.034471 134.116148 77.486237 0.250577
W C 1292.2 1898.9 359.3 1460.2 453.7 690.7 1138.6 765.0 1656.5 1086.1 1776.8 282.5
W E -0.396 82.8 62.6 -2.917 65.5 137.7 -2.435 56.7 158.6 -0.492 113.1 56.8 -0.160 85.0 71.9 0.153 154.6 75.2
D C 162.4 -332.1 238.8 514.0
F 1581.857796 540.279877 0.320862
E -0.003644 132.833981 79.225032 0.267738
W C 1292.3 1898.9 359.3 1460.3 453.6 690.8 1138.5 765.1 1656.3 1086.2 1777.5 282.4
W E -0.396 82.8 62.6 -2.917 65.5 137.7 -2.435 56.7 158.6 -0.492 113.1 56.8 -0.160 85.0 71.8 0.154 154.5 75.0
D C 143.5 -331.4 221.4 517.6
F 1622.080533 553.711624 0.374238
E 0.031180 131.333172 80.684324 0.267767
W C 1292.1 1898.8 359.2 1460.7 453.3 691.4 1138.2 765.3 1656.2 1086.2 1778.5 282.2
W E -0.393 82.6 62.5 -2.917 65.5 137.7 -2.435 56.7 158.5 -0.492 113.0 56.8 -0.158 84.8 71.7 0.153 154.3 74.8
D C 109.7 -338.3 205.5 510.3 87.2 1366.9
F 1622.511255 553.981550 0.370474
E 0.032459 130.567277 79.102768 0.240182
W C 1292.2 1898.6 359.2 1460.8 453.3 691.5 1138.2 765.5 1656.0 1086.5 1778.7 282.1
W E -0.390 82.4 62.4 -2.917 65.5 137.6 -2.435 56.7 158.4 -0.492 112.9 56.8 -0.156 84.7 71.5 0.153 154.2 74.6
D C 51.7 -354.2 204.8 495.6 152.2 1344.3
F 1661.895952 573.632612 0.452724
E 0.071649 129.072539 80.679511 0.256382
W C 1292.2 1898.5 359.2 1461.0 453.2 691.7 1138.1 765.7 1655.7 1086.6 1779.3 282.0
W E -0.387 82.3 62.4 -2.917 65.5 137.6 -2.434 56.7 158.3 -0.492 112.9 56.7 -0.154 84.6 71.4 0.153 154.0 74.4
D C -2.0 -366.8 201.7 479.7 201.0 1334.0
F 1700.244151 597.347012 0.537677
E 0.113145 127.417873 82.581916 0.266295
W C 1292.3 1898.3 359.2 1461.1 453.1 691.9 1138.0 765.8 1655.4 1086.8 1779.9 281.9
W E -0.384 82.1 62.3 -2.917 65.5 137.5 -2.434 56.7 158.3 -0.492 112.8 56.7 -0.153 84.4 71.3 0.154 153.8 74.3
D C -89.3 -367.3 193.6 452.6 287.5 1303.5
F 1734.939982 621.914316 0.608758
E 0.150209 125.710203 85.478611 0.284837
W C 1292.4 1898.4 359.1 1461.1 453.0 692.0 1137.8 765.9 1655.1 1087.0 1781.3 281.6
W E -0.384 82.1 62.3 -2.917 65.5 137.5 -2.434 56.7 158.2 -0.492 112.8 56.7 -0.154 84.4 71.1 0.154 153.7 74.1
D C -114.9 -367.4 192.3 445.6
F 1735.341843 621.662269 0.605999
E 0.157399 125.344097 84.905832 0.272577
W C 1292.4 1898.4 359.1 1461.1 453.1 692.0 1137.8 765.9 1655.0 1087.0 1781.4 281.6
W E -0.385 82.1 62.3 -2.917 65.5 137.5 -2.434 56.7 158.2 -0.492 112.8 56.7 -0.155 84.4 71.0 0.154 153.7 74.1
D C 188.6 433.5
F 1769.141319 652.028870 0.751156
E 0.210374 123.863460 87.985041 0.301566
W C 1292.6 1898.4 359.0 1461.0 453.2 691.9 1138.0 765.9 1654.9 1086.9 1781.3 281.7
W E -0.385 82.1 62.3 -2.918 65.4 137.4 -2.434 56.7 158.2 -0.492 112.8 56.7 -0.157 84.3 70.9 0.153 153.6 74.0
D C 180.2 421.1 -535.6 1553.0
F 1797.965637 685.940096 0.903126
E 0.263436 121.981721 91.109860 0.321207
W C 1292.7 1898.4 358.9 1460.9 453.3 691.8 1138.1 766.0 1654.8 1086.8 1781.3 281.8
W E -0.385 82.1 62.3 -2.919 65.3 137.4 -2.434 56.7 158.2 -0.492 112.8 56.7 -0.159 84.2 70.8 0.153 153.6 74.0
D C 191.5 396.3 -394.3 1589.8
F 1822.250814 719.466738 1.015742
E 0.308226 119.683750 93.822093 0.323989
W C 1292.9 1898.4 358.9 1460.7 453.3 691.7 1138.1 766.1 1654.7 1086.7 1781.0 281.9
W E -0.385 82.1 62.3 -2.920 65.2 137.3 -2.435 56.7 158.2 -0.492 112.8 56.7 -0.162 84.1 70.7 0.152 153.5 73.9
D C 195.4 385.9 -341.6 1607.4
F 1842.466412 755.397288 1.100465
E 0.344452 117.113751 96.259308 0.316494
W C 1292.9 1898.4 358.9 1460.6 453.3 691.7 1138.1 766.1 1654.7 1086.6 1780.9 281.9
W E -0.385 82.0 62.3 -2.921 65.1 137.2 -2.435 56.7 158.2 -0.492 112.8 56.7 -0.165 84.0 70.6 0.152 153.4 73.9
D C 197.8 352.4 -152.7 1641.1
F 1842.898816 755.262140 1.097452
E 0.357901 116.736754 95.614219 0.301409
W C 1292.9 1898.4 358.9 1460.6 453.4 691.7 1138.1 766.1 1654.6 1086.6 1781.0 282.0
W E -0.384 82.0 62.3 -2.921 65.1 137.2 -2.435 56.7 158.2 -0.492 112.8 56.7 -0.167 84.0 70.5 0.151 153.4 73.8
D C 201.8 323.6
F 1861.163812 797.000102 1.117493
E 0.398479 113.931297 98.308244 0.299031
W C 1292.9 1898.4 359.0 1460.7 453.4 691.6 1138.2 766.1 1654.4 1086.6 1781.2 281.9
W E -0.384 82.0 62.3 -2.922 65.0 137.1 -2.435 56.7 158.2 -0.492 112.8 56.7 -0.170 83.9 70.3 0.151 153.3 73.8
D C 186.7 307.7 73.9 1631.5
F 1877.260135 838.753764 1.143479
E 0.441693 111.310994 101.050334 0.297664
W C 1292.9 1898.4 359.1 1460.7 453.5 691.5 1138.2 766.0 1654.3 1086.8 1781.3 281.9
W E -0.384 82.0 62.3 -2.922 64.9 137.1 -2.435 56.7 158.2 -0.492 112.8 56.6 -0.174 83.8 70.2 0.150 153.3 73.7
D C 156.7 300.3 108.7 1625.6
F 1889.744483 882.020895 1.234472
E 0.505246 108.679764 101.788078 0.284912
W C 1293.1 1898.3 358.9 1460.7 453.5 691.5 1138.3 766.0 1654.2 1087.2 1781.3 281.7
W E -0.383 81.8 62.2 -2.923 64.8 137.0 -2.435 56.7 158.1 -0.492 112.7 56.6 -0.178 83.5 69.9 0.149 153.2 73.5
D C 777.9 870.3 142.8 297.7 130.5 1647.7
F 1901.381691 924.881674 1.315260
E 0.565977 105.943467 102.279214 0.281538
W C 1293.1 1898.2 358.9 1460.9 453.5 691.6 1138.2 766.0 1654.2 1087.2 1781.2 281.8
W E -0.381 81.6 62.1 -2.924 64.7 136.9 -2.434 56.7 158.1 -0.492 112.7 56.6 -0.182 83.4 69.7 0.147 153.0 73.4
D C 744.5 853.8 91.7 296.6 109.0 1630.4
F 1901.442382 926.516016 1.313570
E 0.551808 105.410620 100.187550 0.262726
W C 1293.5 1898.0 358.8 1461.0 453.5 691.7 1138.2 766.2 1653.7 1087.0 1781.6 282.3
W E -0.379 81.4 62.1 -2.924 64.7 136.8 -2.434 56.7 158.0 -0.492 112.7 56.6 -0.184 83.2 69.4 0.146 152.9 73.2
D C 769.1 794.2 75.3 286.5
F 1907.936399 972.414112 1.409556
E 0.506929 102.613238 101.513386 0.285640
W C 1293.7 1897.9 358.8 1461.1 453.5 691.7 1138.2 766.3 1653.4 1086.8 1781.9 282.7
W E -0.376 81.2 62.0 -2.924 64.7 136.8 -2.434 56.7 158.0 -0.491 112.7 56.6 -0.186 83.1 69.2 0.145 152.9 73.1
D C 796.1 731.6 59.8 275.2
F 1910.623637 1018.562956 1.499868
E -0.767845 102.763777 99.734057 0.299807
W C 1293.8 1897.8 358.7 1461.2 453.4 691.8 1138.1 766.4 1653.2 1086.7 1782.0 283.0
W E -0.374 81.1 62.0 -2.924 64.6 136.8 -2.434 56.6 158.0 -0.491 112.6 56.6 -0.186 83.0 68.9 0.144 152.8 73.0
D C 798.9 673.2 39.8 269.8
F 1910.179332 1062.534326 1.582256
E -0.745912 103.065805 96.910262 0.293544
W C 1293.7 1897.7 358.7 1461.3 453.6 691.9 1138.0 766.4 1653.2 1086.8 1781.8 282.9
W E -0.372 80.9 61.9 -2.924 64.6 136.8 -2.434 56.6 157.9 -0.491 112.6 56.6 -0.186 82.9 68.5 0.144 152.7 72.8
D C 806.7 646.7 27.1 268.4 -373.5 1413.0
F 1908.868444 1065.485004 1.584107
E -0.643405 99.653990 96.361256 0.262897
W C 1293.8 1897.7 358.7 1461.5 453.6 692.0 1138.0 766.6 1652.8 1086.2 1782.3 283.6
W E -0.370 80.7 61.9 -2.924 64.5 136.7 -2.434 56.6 157.9 -0.491 112.6 56.6 -0.184 82.8 68.2 0.143 152.6 72.7
D C 816.6 568.6 474.0 1516.4 -0.2 265.4
F 1902.580876 1112.338125 1.677805
E -0.679247 101.005593 93.788117 0.289630
W C 1293.6 1897.9 358.7 1461.7 453.7 692.1 1138.1 766.7 1652.7 1085.3 1782.7 284.1
W E -0.370 80.7 61.9 -2.925 64.4 136.6 -2.434 56.6 157.9 -0.491 112.6 56.6 -0.182 82.8 68.0 0.142 152.6 72.7
D C 572.4 1473.6 -29.0 267.1
F 1893.361357 1155.775554 1.768528
E -0.684167 101.174252 91.735612 0.290600
W C 1293.7 1897.7 358.7 1461.8 453.6 692.2 1138.0 766.8 1652.7 1085.5 1782.7 284.1
W E -0.368 80.5 61.8 -2.926 64.3 136.5 -2.434 56.5 157.9 -0.491 112.6 56.5 -0.181 82.7 67.9 0.142 152.6 72.6
D C 817.8 457.5 599.2 1437.2
F 1880.738409 1199.152008 1.856653
E -0.679416 101.305371 89.896244 0.291592
W C 1293.7 1897.6 358.8 1461.8 453.5 692.3 1138.0 766.8 1652.7 1085.7 1782.6 284.1
W E -0.367 80.3 61.7 -2.926 64.2 136.5 -2.434 56.5 157.8 -0.491 112.6 56.5 -0.179 82.6 67.9 0.142 152.5 72.6
D C 813.0 394.5 662.2 1391.8
F 1865.973430 1239.729659 1.937209
E -0.672683 101.216902 88.309807 0.289700
W C 1293.7 1897.5 358.8 1461.9 453.5 692.4 1137.9 766.8 1652.7 1085.8 1782.4 284.0
W E -0.366 80.1 61.7 -2.927 64.1 136.4 -2.434 56.5 157.8 -0.491 112.5 56.5 -0.177 82.6 67.8 0.142 152.5 72.5
D C 801.2 338.3 710.7 1352.0
F 1864.139190 1240.301561 1.943356
E -0.748871 99.034017 87.508337 0.252196
W C 1293.7 1897.3 358.8 1462.0 453.5 692.6 1137.8 766.9 1652.4 1085.8 1782.4 284.2
W E -0.366 80.0 61.6 -2.927 64.0 136.3 -2.434 56.4 157.8 -0.491 112.5 56.5 -0.176 82.5 67.7 0.142 152.5 72.5
D C 783.6 281.0 764.5 1295.6 35.1 1477.0
F 1841.840721 1280.703981 2.040929
E -0.754282 98.997390 85.425827 0.258985
W C 1293.7 1897.1 358.8 1462.2 453.6 692.8 1137.7 767.0 1652.2 1085.9 1782.3 284.3
W E -0.365 79.8 61.6 -2.927 63.9 136.2 -2.434 56.4 157.7 -0.490 112.5 56.5 -0.176 82.4 67.7 0.142 152.5 72.4
D C 764.5 209.6 833.2 1216.3 116.1 1466.2
F 1818.396502 1319.138673 2.121066
E -0.750275 98.835644 83.127581 0.254230
W C 1293.6 1897.0 358.8 1462.3 453.8 693.0 1137.9 767.1 1652.0 1085.8 1782.1 284.2
W E -0.366 79.6 61.5 -2.928 63.8 136.2 -2.434 56.3 157.7 -0.490 112.5 56.5 -0.175 82.3 67.6 0.142 152.5 72.4
D C 750.4 188.6 850.1 1201.2 138.7 1465.5 -131.7 814.5
F 1792.572943 1355.230160 2.197365
E -0.740003 98.566091 80.924487 0.251050
W C 1293.5 1896.9 358.8 1462.5 453.8 693.2 1138.0 767.3 1651.8 1085.6 1781.9 284.1
W E -0.366 79.4 61.4 -2.928 63.6 136.1 -2.434 56.2 157.6 -0.490 112.4 56.4 -0.175 82.3 67.5 0.142 152.5 72.4
D C 727.1 133.6 899.2 1132.4 210.0 1454.1 -106.8 819.3
F 1791.057574 1355.144767 2.201337
E -0.778446 97.191061 79.736641 0.222310
W C 1293.5 1896.7 358.7 1462.6 453.9 693.5 1138.1 767.5 1651.6 1085.5 1781.8 284.1
W E -0.366 79.3 61.4 -2.928 63.5 136.0 -2.434 56.1 157.6 -0.490 112.4 56.3 -0.175 82.2 67.5 0.141 152.5 72.3
D C 698.3 82.3 944.5 1076.4 270.3 1433.5 -82.0 825.8
F 1760.569714 1388.254485 2.292524
E -0.758180 96.971004 77.505580 0.237352
W C 1293.4 1896.5 358.7 1462.8 453.9 693.7 1138.2 767.7 1651.4 1085.4 1781.6 284.0
W E -0.366 79.1 61.3 -2.928 63.4 136.0 -2.434 56.0 157.5 -0.490 112.4 56.2 -0.175 82.1 67.4 0.141 152.5 72.3
D C 666.6 37.4 967.4 1005.2 325.5 1413.6 -64.3 828.6
F 1727.197970 1418.800436 2.382846
E -0.736103 96.632909 75.490721 0.243660
W C 1293.3 1896.4 358.6 1463.0 453.9 694.0 1138.2 767.9 1651.2 1085.4 1781.4 284.0
W E -0.367 79.0 61.2 -2.929 63.3 135.9 -2.434 55.9 157.5 -0.489 112.3 56.2 -0.175 82.1 67.3 0.141 152.4 72.3
D C 622.5 -24.4 1014.1 914.9 411.7 1376.0 -33.9 834.3
F 1693.167702 1446.932750 2.458683
E -0.714951 96.175174 73.695340 0.245538
W C 1293.1 1896.2 358.7 1463.2 453.9 694.2 1138.3 768.2 1651.2 1085.2 1781.2 283.9
W E -0.368 78.8 61.1 -2.929 63.2 135.8 -2.434 55.8 157.4 -0.489 112.3 56.1 -0.175 82.0 67.3 0.141 152.4 72.2
D C 604.6 -51.6 1023.5 862.5 449.3 1363.5 -13.3 827.0
F 1658.534122 1472.278354 2.529544
E -0.697274 95.627304 72.109532 0.245170
W C 1292.8 1896.1 358.7 1463.4 453.9 694.5 1138.4 768.4 1651.2 1085.1 1780.9 283.8
W E -0.369 78.6 61.0 -2.929 63.1 135.7 -2.434 55.7 157.4 -0.489 112.2 56.0 -0.174 82.0 67.2 0.141 152.4 72.2
D C 568.7 -89.3 1040.7 798.1 498.2 1330.7 -0.6 831.2
F 1657.569481 1471.822217 2.533149
E -0.718714 94.519586 70.741469 0.217650
W C 1292.6 1895.9 358.8 1463.6 453.9 694.8 1138.4 768.6 1651.1 1085.0 1780.8 283.7
W E -0.371 78.5 60.9 -2.929 63.0 135.6 -2.433 55.6 157.3 -0.489 112.2 56.0 -0.174 82.0 67.2 0.141 152.4 72.2
D C 527.9 -130.1 1061.6 724.8 555.9 1288.5 29.9 827.4
F 1618.837021 1493.923525 2.599221
E -0.699053 93.948744 69.235782 0.229533
W C 1292.4 1895.7 358.8 1463.8 453.9 695.1 1138.4 768.9 1651.1 1084.9 1780.6 283.6
W E -0.372 78.3 60.8 -2.929 62.8 135.6 -2.433 55.5 157.3 -0.488 112.2 55.9 -0.174 81.9 67.1 0.141 152.4 72.1
D C 489.8 -161.4 1074.0 658.4 599.7 1250.5 49.9 822.7
F 1578.129766 1514.373877 2.621952
E -0.684922 93.298742 68.029613 0.231270
W C 1292.3 1895.6 358.8 1464.0 453.9 695.3 1138.4 769.1 1651.1 1084.8 1780.4 283.6
W E -0.374 78.2 60.7 -2.929 62.7 135.5 -2.433 55.4 157.2 -0.488 112.1 55.8 -0.174 81.9 67.1 0.141 152.4 72.1
D C 424.9 -203.8 1063.6 573.7 634.1 1206.3 54.5 815.3
F 1538.630870 1534.095982 2.639765
E -0.677209 92.658959 67.084948 0.231623
W C 1292.0 1895.4 358.8 1464.3 453.8 695.6 1138.4 769.3 1651.2 1084.7 1780.2 283.5
W E -0.377 78.0 60.6 -2.928 62.6 135.4 -2.433 55.3 157.1 -0.488 112.1 55.8 -0.173 81.9 67.0 0.141 152.3 72.1
D C 408.4 -202.0 1043.3 583.6 616.2 1207.9 36.9 814.5
F 1537.701742 1533.062538 2.646794
E -0.691543 91.635110 65.652752 0.208194
W C 1291.8 1895.3 358.9 1464.5 453.8 695.8 1138.4 769.5 1651.1 1084.6 1780.0 283.4
W E -0.379 77.9 60.5 -2.928 62.5 135.3 -2.433 55.3 157.1 -0.487 112.1 55.7 -0.173 81.8 67.0 0.141 152.3 72.1
D C 380.0 -201.3 1007.7 584.2 584.3 1208.8 4.4 815.2
F 1497.621704 1553.333616 2.652327
E -0.671039 91.672594 65.725123 0.229368
W C 1291.6 1895.2 359.0 1464.6 453.8 696.1 1138.5 769.7 1651.1 1084.5 1779.8 283.4
W E -0.381 77.8 60.4 -2.928 62.4 135.2 -2.432 55.2 157.0 -0.487 112.0 55.7 -0.173 81.8 67.0 0.141 152.3 72.1
D C 962.2 581.7 529.8 1207.7 -43.5 821.1
F 1458.555342 1573.184767 2.659156
E -0.675435 90.970555 65.292675 0.229889
W C 1291.2 1895.0 359.1 1464.9 453.8 696.4 1138.4 769.9 1651.2 1084.4 1779.6 283.2
W E -0.385 77.6 60.3 -2.928 62.3 135.2 -2.432 55.1 157.0 -0.487 112.0 55.6 -0.173 81.8 66.9 0.141 152.3 72.0
D C 314.8 -199.0 943.1 578.1 513.7 1211.2 -58.9 823.9
F 1419.491827 1593.203494 2.659736
E -0.687971 90.237953 65.113744 0.229865
W C 1290.7 1894.8 359.3 1465.3 453.7 696.8 1138.4 770.1 1651.3 1084.3 1779.4 283.1
W E -0.390 77.4 60.2 -2.928 62.1 135.1 -2.432 55.0 156.9 -0.487 112.0 55.5 -0.172 81.8 66.9 0.141 152.3 72.0
D C 265.7 -198.0 891.4 580.9 465.3 1208.9 -108.0 828.4
F 1379.220897 1612.518095 2.670886
E -0.676645 90.350856 66.610868 0.241743
W C 1290.7 1894.7 359.2 1465.4 453.6 696.9 1138.4 770.3 1651.4 1084.3 1779.2 283.1
W E -0.392 77.4 60.2 -2.928 62.0 135.0 -2.432 54.9 156.9 -0.487 111.9 55.5 -0.172 81.8 66.9 0.140 152.2 72.0
D C 869.8 582.1 451.0 1216.1 -123.8 830.4
F 1382.127779 1608.259770 2.665343
E -0.672832 89.931342 65.661217 0.222009
W C 1290.4 1894.7 359.4 1465.4 453.7 697.0 1138.4 770.4 1651.3 1084.2 1779.2 283.0
W E -0.394 77.3 60.1 -2.928 62.0 135.0 -2.432 54.8 156.9 -0.487 111.9 55.4 -0.172 81.8 66.9 0.140 152.2 72.0
D C 819.7 578.2 395.0 1211.1 -171.4 832.0
F 1340.557488 1626.506298 2.735021
E -0.656910 90.243261 67.477104 0.244931
W C 1290.4 1894.7 359.4 1465.2 453.8 697.0 1138.5 770.4 1651.2 1084.1 1779.2 283.0
W E -0.396 77.3 60.1 -2.928 61.9 134.9 -2.431 54.8 156.9 -0.487 111.9 55.4 -0.173 81.7 66.8 0.140 152.2 72.0
D C 786.8 577.0 369.8 1208.9 -199.2 836.0
F 1299.500232 1641.984725 2.804271
E -0.642998 90.481245 69.704861 0.256869
W C 1290.5 1894.7 359.4 1465.0 453.9 697.0 1138.5 770.5 1651.2 1084.0 1779.1 283.0
W E -0.398 77.2 60.1 -2.928 61.8 134.9 -2.431 54.7 156.8 -0.486 111.9 55.3 -0.173 81.7 66.8 0.140 152.2 72.0
D C 791.9 547.7 397.6 1194.2 -178.9 841.8
F 1256.711351 1654.778691 2.876859
E -0.634699 90.675945 72.340092 0.264080
W C 1290.6 1894.7 359.3 1464.9 453.9 696.9 1138.5 770.7 1651.1 1083.9 1779.1 282.9
W E -0.399 77.2 60.0 -2.928 61.7 134.9 -2.431 54.6 156.8 -0.486 111.9 55.3 -0.173 81.7 66.8 0.140 152.2 72.0
D C 800.5 487.3 456.3 1164.3 -151.4 853.1
F 1256.737289 1655.238455 2.871383
E -0.633680 90.352632 71.004631 0.238089
W C 1290.6 1894.7 359.4 1464.8 454.0 697.0 1138.5 770.8 1651.1 1083.9 1779.0 282.9
W E -0.401 77.1 60.0 -2.929 61.7 134.8 -2.431 54.6 156.8 -0.486 111.9 55.2 -0.173 81.7 66.8 0.140 152.2 72.0
D C 792.5 440.1 486.3 1136.8 -131.6 864.4
F 1223.337342 1653.215630 2.947002
E -0.630342 90.454727 73.652931 0.254603
W C 1290.4 1894.7 359.5 1464.8 454.0 697.0 1138.5 770.8 1651.1 1083.9 1779.0 282.9
W E -0.402 77.1 60.0 -2.929 61.6 134.8 -2.431 54.5 156.8 -0.486 111.8 55.2 -0.173 81.7 66.8 0.140 152.2 72.0
D C 783.9 354.0 551.8 1073.5 -89.2 871.4
F 1187.904787 1652.015730 2.991076
E -0.647715 90.439174 76.402556 0.257739
W C 1290.4 1894.7 359.6 1464.7 454.0 697.0 1138.4 770.8 1651.1 1083.9 1779.0 282.9
W E -0.404 77.0 60.0 -2.929 61.5 134.7 -2.431 54.4 156.8 -0.486 111.8 55.1 -0.173 81.7 66.8 0.140 152.2 72.0
D C 773.2 321.0 577.4 1051.0 -73.1 872.3
F 1143.081939 1656.089478 3.009120
E -0.691138 90.472167 79.253226 0.256382
W C 1290.4 1894.7 359.6 1464.6 454.0 697.1 1138.3 770.8 1651.1 1083.9 1779.0 282.9
W E -0.405 77.0 60.0 -2.929 61.5 134.7 -2.431 54.4 156.7 -0.486 111.8 55.1 -0.173 81.7 66.8 0.140 152.2 72.0
D C 760.3 264.8 611.3 1007.6 -49.1 875.8
F 1098.706031 1659.768860 3.026160
E -0.778178 90.689536 81.996255 0.255041
W C 1290.5 1894.7 359.6 1464.6 454.0 697.0 1138.3 770.8 1651.1 1083.9 1779.0 282.9
W E -0.407 77.0 59.9 -2.930 61.4 134.7 -2.431 54.3 156.7 -0.486 111.8 55.0 -0.172 81.7 66.8 0.140 152.2 72.0
D C 717.7 259.9 567.3 1010.5 -90.0 879.8
F 1098.354490 1658.884591 3.032421
E -0.744542 90.209246 80.604017 0.231376
W C 1290.4 1894.7 359.7 1464.5 454.0 697.1 1138.2 770.8 1651.1 1083.9 1779.0 282.9
W E -0.408 76.9 59.9 -2.930 61.4 134.6 -2.431 54.3 156.7 -0.486 111.8 55.0 -0.172 81.7 66.7 0.140 152.2 72.0
D C 700.2 258.4 553.8 1008.0 -106.8 882.8
F 1031.348659 1676.466305 3.066474
E -2.444433 83.257746 90.625142 0.242325
W C 1290.4 1894.7 359.7 1464.5 454.0 697.1 1138.2 770.9 1651.1 1083.9 1779.0 282.9
W E -0.409 76.9 59.9 -2.930 61.3 134.6 -2.431 54.2 156.7 -0.486 111.7 55.0 -0.172 81.7 66.7 0.140 152.2 72.0
D C 647.3 264.1 502.1 1014.8 -159.5 883.0
F 987.005348 1679.058608 3.071015
E -2.672595 85.418115 91.681537 0.248176
W C 1290.5 1894.7 359.7 1464.4 454.0 697.0 1138.1 770.9 1651.1 1083.9 1779.0 282.9
W E -0.410 76.9 59.9 -2.930 61.2 134.5 -2.431 54.2 156.7 -0.486 111.7 54.9 -0.172 81.7 66.7 0.140 152.2 72.0
D C 631.6 262.2 485.8 1013.0 -177.4 888.3
F 942.867769 1681.403794 3.079152
E -2.924363 86.745568 93.703437 0.251091
W C 1290.7 1894.8 359.6 1464.3 453.9 697.0 1138.1 771.0 1651.1 1084.0 1778.9 282.9
W E -0.411 76.8 59.9 -2.931 61.2 134.5 -2.431 54.1 156.6 -0.486 111.7 54.9 -0.172 81.7 66.7 0.140 152.2 72.0
D C 597.3 265.3 449.4 1015.8 -211.3 886.6
F 950.111845 1678.918125 3.065139
E -2.860041 86.032697 92.687836 0.228790
W C 1290.6 1894.8 359.7 1464.2 454.0 697.0 1138.0 771.0 1651.1 1084.0 1778.9 282.9
W E -0.412 76.8 59.9 -2.931 61.1 134.4 -2.431 54.1 156.6 -0.486 111.7 54.9 -0.172 81.7 66.7 0.140 152.1 72.0
D C 549.5 266.6 401.0 1013.9 -258.8 889.9
F 904.955984 1682.253095 3.066035
E -3.057916 86.913752 95.319527 0.241896
W C 1290.7 1894.8 359.7 1464.1 453.9 697.0 1138.0 771.0 1651.1 1084.0 1778.9 282.9
W E -0.413 76.8 59.8 -2.931 61.1 134.4 -2.430 54.0 156.6 -0.486 111.7 54.8 -0.172 81.7 66.7 0.140 152.1 72.0
D C 534.7 265.6 387.7 1016.7 -272.4 895.5
F 860.916710 1685.855577 3.064965
E 3.118507 87.364011 98.626846 0.254819
W C 1290.7 1894.8 359.7 1464.1 453.9 697.0 1137.9 771.0 1651.1 1084.0 1778.9 282.9
W E -0.414 76.7 59.8 -2.932 61.0 134.3 -2.430 54.0 156.6 -0.486 111.7 54.8 -0.172 81.7 66.7 0.140 152.1 71.9
D C 487.4 268.7 335.3 1017.6
F 816.462802 1689.071210 3.068639
E 3.056802 87.675582 102.287231 0.262864
W C 1290.8 1894.8 359.6 1464.0 453.9 697.1 1137.9 771.0 1651.1 1084.0 1778.9 282.9
W E -0.414 76.7 59.8 -2.932 61.0 134.3 -2.430 53.9 156.5 -0.486 111.7 54.8 -0.172 81.7 66.7 0.140 152.1 71.9
D C 455.4 265.9 303.6 1014.8
F 816.521378 1689.400404 3.067032
E 3.072771 87.271746 101.140316 0.243001
W C 1290.8 1894.8 359.7 1464.0 453.9 697.1 1137.9 771.0 1651.1 1084.0 1778.9 282.9
W E -0.415 76.7 59.8 -2.932 60.9 134.2 -2.430 53.9 156.5 -0.486 111.7 54.8 -0.172 81.7 66.7 0.140 152.1 71.9
D C 436.2 267.4 290.6 1016.7
F 771.678014 1693.325612 3.063917
E 3.028029 87.545810 104.899321 0.256736
W C 1290.8 1894.8 359.7 1463.9 453.8 697.1 1137.9 771.0 1651.1 1084.0 1778.9 282.9
W E -0.416 76.7 59.8 -2.933 60.9 134.2 -2.430 53.8 156.5 -0.486 111.6 54.8 -0.172 81.7 66.7 0.140 152.1 71.9
D C 389.4 271.1 237.9 1018.8
F 727.397428 1696.707917 3.064548
E 2.997158 87.757309 108.862439 0.264613
W C 1290.9 1894.8 359.6 1463.9 453.8 697.1 1137.9 771.0 1651.2 1084.0 1778.9 282.9
W E -0.416 76.7 59.8 -2.933 60.8 134.1 -2.430 53.8 156.5 -0.486 111.6 54.8 -0.172 81.7 66.7 0.140 152.1 71.9
D C 372.0 272.8 218.6 1021.1
F 683.108977 1699.935016 3.069080
E 2.974474 87.904133 113.000501 0.269330
W C 1291.0 1894.8 359.5 1463.9 453.8 697.1 1137.9 771.0 1651.2 1084.0 1778.8 282.9
W E -0.417 76.6 59.8 -2.934 60.7 134.0 -2.430 53.7 156.5 -0.486 111.6 54.8 -0.172 81.7 66.7 0.140 152.1 71.9
D C 327.8 272.8 173.6 1023.7
F 640.993700 1702.089604 3.075806
E 2.957158 87.932059 117.084950 0.270817
W C 1291.2 1894.8 359.3 1463.9 453.8 697.1 1137.9 771.1 1651.2 1084.0 1778.8 282.9
W E -0.418 76.6 59.8 -2.934 60.7 134.0 -2.430 53.7 156.4 -0.486 111.6 54.8 -0.172 81.7 66.7 0.140 152.1 71.9
D C 311.1 273.8 154.6 1026.0
F 634.925649 1702.992232 3.076613
E 2.954890 87.503694 116.644162 0.250570
W C 1291.3 1894.8 359.2 1463.9 453.7 697.1 1137.9 771.1 1651.2 1084.0 1778.8 282.9
W E -0.418 76.6 59.8 -2.935 60.6 133.9 -2.430 53.7 156.4 -0.486 111.6 54.8 -0.172 81.7 66.7 0.140 152.1 71.9
D C 275.0 275.4 119.7 1028.7
F 634.719092 1704.370632 3.069276
E 2.956909 87.130902 115.700315 0.235702
W C 1291.2 1894.8 359.4 1463.8 453.7 697.1 1137.9 771.1 1651.2 1084.0 1778.8 282.9
W E -0.419 76.6 59.8 -2.935 60.5 133.9 -2.430 53.6 156.4 -0.486 111.6 54.8 -0.172 81.7 66.7 0.140 152.1 71.9
D C 236.5 272.9 87.6 1026.0
F 634.560613 1705.286191 3.064540
E 2.960518 86.785659 114.960646 0.224564
W C 1291.2 1894.8 359.5 1463.7 453.6 697.1 1137.9 771.1 1651.2 1084.0 1778.8 282.9
W E -0.419 76.6 59.8 -2.936 60.5 133.8 -2.430 53.6 156.3 -0.486 111.6 54.8 -0.172 81.7 66.7 0.140 152.1 71.9
D C 238.9 274.0 90.6 1024.0
F 634.430149 1705.969887 3.061082
E 2.965034 86.460618 114.351399 0.215855
W C 1291.1 1894.8 359.6 1463.6 453.5 697.2 1137.8 771.1 1651.2 1084.0 1778.8 282.9
W E -0.420 76.5 59.8 -2.936 60.4 133.8 -2.430 53.6 156.3 -0.486 111.6 54.8 -0.172 81.7 66.7 0.140 152.1 71.9
D C 240.1 275.4 90.5 1022.8
F 634.278727 1706.455865 3.058525
E 2.970065 86.151403 113.832280 0.208824
W C 1291.1 1894.9 359.8 1463.5 453.5 697.2 1137.8 771.1 1651.2 1084.1 1778.8 283.0
W E -0.420 76.5 59.8 -2.936 60.4 133.7 -2.430 53.5 156.3 -0.486 111.6 54.8 -0.172 81.7 66.7 0.140 152.1 71.9
D C 239.5 274.7 90.1 1019.0
F 634.147217 1706.875377 3.056513
E 2.975377 85.855185 113.379237 0.203007
W C 1291.1 1894.9 359.9 1463.4 453.4 697.2 1137.8 771.1 1651.2 1084.1 1778.8 283.0
W E -0.420 76.5 59.8 -2.937 60.3 133.7 -2.430 53.5 156.3 -0.486 111.6 54.8 -0.172 81.7 66.7 0.140 152.1 71.9
D C 238.7 273.7 90.6 1024.2
F 634.023461 1707.220578 3.054919
E 2.980820 85.570097 112.976749 0.198097
W C 1291.1 1894.9 360.0 1463.3 453.4 697.2 1137.8 771.1 1651.2 1084.1 1778.8 283.0
W E -0.421 76.5 59.8 -2.937 60.3 133.6 -2.429 53.5 156.3 -0.486 111.6 54.8 -0.172 81.7 66.7 0.139 152.1 71.9
D C 238.7 273.7 90.6 1024.6
F 633.912238 1707.509713 3.053631
E 2.986299 85.294808 112.614324 0.193886
W C 1291.0 1894.9 360.1 1463.3 453.3 697.3 1137.8 771.1 1651.2 1084.1 1778.8 283.0
W E -0.421 76.5 59.8 -2.938 60.2 133.6 -2.429 53.4 156.2 -0.486 111.6 54.8 -0.172 81.7 66.7 0.139 152.1 71.9
D C 239.2 274.3 90.6 1024.1
