F 1824.839883 1880.660829 3.717551
F 1824.591694 1880.861958 3.717851
F 1824.008054 1881.334105 3.718553
F 1824.769568 1880.717337 3.717634
F 1825.307308 1880.280815 3.716985
F 1824.515972 1880.922358 3.717941
F 1824.376267 1881.035468 3.718109
F 1824.181158 1881.193332 3.718344
F 1824.204711 1881.174278 3.718316
F 1825.382447 1880.220663 3.716896
F 1824.007792 1881.333804 3.718552
F 1824.635973 1880.825196 3.717795
F 1825.146025 1880.411386 3.717181
F 1803.792571 1867.399624 3.717930
F 1766.701953 1843.336421 3.717328
F 1729.264375 1819.080149 -2.567002
F 1691.628421 1795.004723 -2.569597
F 1692.129326 1794.431377 -2.570702
F 1652.409074 1773.039551 -2.569194
F 1618.432903 1744.702147 -2.575049
F 1580.944688 1721.297285 -2.579763
F 1543.608590 1698.077765 -2.581282
F 1540.932795 1702.263934 -2.578463
F 1496.302466 1686.162231 -2.568535
F 1459.310930 1661.226480 -2.559899
F 1463.876852 1657.295145 -2.567867
F 1421.679924 1636.570931 -2.559614
F 1388.578464 1609.311937 -2.567513
F 1348.027964 1588.067815 -2.564243
F 1311.630044 1562.646718 -2.557982
F 1275.151966 1537.577305 -2.551964
F 1272.927804 1538.300475 -2.548151
F 1237.662548 1512.973321 -2.551236
F 1199.270689 1488.291068 -2.546509
F 1162.497038 1463.172847 -2.544326
F 1161.062056 1463.324073 -2.544108
F 1127.207636 1438.611123 -2.549761
F 1090.339628 1413.875910 -2.547860
F 1053.629412 1389.254706 -2.548526
F 1016.573320 1364.834518 -2.550080
F 1015.478274 1365.466829 -2.548821
F 978.769081 1341.105456 -2.549497
F 942.258723 1316.608418 -2.546223
F 905.895606 1292.329546 -2.547024
F 906.317851 1293.036059 -2.547403
F 869.515033 1268.724116 -2.547049
F 832.983684 1244.584769 -2.548771
F 796.685700 1220.468171 -2.547569
F 760.179517 1196.512424 -2.548977
F 760.294044 1197.282898 -2.551572
F 723.751227 1173.517059 -2.552269
F 687.093418 1149.908639 -2.557014
F 651.156693 1126.668064 -2.556981
F 651.345009 1127.746174 -2.563000
F 613.951731 1104.303903 -2.571163
F 577.075436 1081.220325 -2.576202
F 540.167996 1058.176273 -2.583030
F 540.725498 1058.751516 -2.586005
F 503.685229 1035.666675 -2.587174
F 466.496172 1012.651653 -2.591606
F 430.771269 989.119539 -2.577435
F 396.371802 964.092563 -2.502892
F 396.717692 965.903231 -2.516548
F 363.860940 935.666112 -2.417455
F 333.816498 903.009750 -2.317126
F 307.011312 868.927865 -2.222446
F 283.443341 832.864345 -2.128194
F 282.925732 834.201003 -2.129692
F 262.798589 796.136925 -2.035258
F 247.385618 754.862229 -1.931653
F 236.599466 713.496060 -1.827158
F 229.817146 670.126603 -1.730038
F 229.817146 670.126603 -1.730038
F 223.428718 629.181140 -1.595567
F 222.090273 589.447308 -1.457127
F 242.178591 547.780992 -1.226837
F 232.922873 549.083714 -1.284492
F 241.926034 512.546149 -1.196412
F 256.477985 475.447238 -1.101594
F 277.252320 441.150607 -0.989594
F 276.563649 440.572983 -1.000464
F 304.465388 409.621260 -0.862735
F 332.970444 382.080433 -0.753802
F 366.794738 357.514275 -0.621263
F 401.664070 337.165506 -0.503947
F 401.592044 336.534521 -0.511736
F 441.358586 322.534158 -0.369252
F 480.317394 311.905774 -0.247523
F 521.108220 307.006218 -0.119609
F 523.139063 308.171524 -0.110287
F 568.410450 308.361222 -0.063491
F 613.903943 311.406645 -0.027005
F 657.975233 316.278862 0.004871
F 701.658934 322.551701 0.037843
F 701.721968 325.962352 0.054554
F 746.552058 331.377648 0.070509
F 790.866276 338.218287 0.084581
F 834.125716 344.754990 0.097992
F 876.323087 350.476342 0.102732
F 876.595996 350.802238 0.102856
F 920.782967 355.821090 0.105626
F 963.750043 360.944976 0.108079
F 1005.543041 366.461271 0.114719
F 1006.088830 366.250371 0.111374
F 1049.356218 371.195369 0.111841
F 1093.190689 376.016567 0.111259
F 1136.047323 380.808060 0.112473
F 1177.608170 385.775184 0.118939
F 1177.841445 385.463775 0.114991
F 1221.657264 390.616725 0.127804
F 1265.264850 397.191257 0.193516
F 1306.393420 406.742878 0.303252
F 1306.581130 404.162832 0.279557
F 1346.874458 421.457975 0.419077
F 1382.209586 442.784098 0.541138
F 1414.404197 464.735536 0.630539
F 1414.808381 465.690340 0.631872
F 1443.561343 494.953468 0.760251
F 1468.418072 526.092966 0.872751
F 1489.831649 558.076074 0.978355
F 1505.448985 589.083643 1.099018
F 1503.377711 591.343665 1.112867
F 1511.000395 628.064481 1.290499
F 1514.168198 664.690853 1.447588
F 1510.006058 701.910392 1.621047
F 1508.115867 703.713203 1.632755
F 1496.429707 741.177703 1.817373
F 1480.631355 775.128054 1.976322
F 1461.238078 805.650049 2.119981
F 1439.972839 835.596321 2.196797
F 1436.207684 835.897161 2.225938
F 1403.690944 869.790365 2.272512
F 1369.107967 899.493248 2.331245
F 1334.211315 927.250112 2.376483
F 1330.181427 927.071529 2.392815
F 1293.688966 956.432945 2.412502
F 1257.918983 984.364305 2.433898
F 1222.177678 1011.711215 2.448321
F 1220.774409 1011.053336 2.456770
F 1185.311860 1038.187399 2.465597
F 1149.593477 1065.331014 2.473879
F 1115.004827 1094.164065 2.478655
F 1079.680051 1120.699745 2.484239
F 1044.581656 1147.083256 2.485280
F 1044.107470 1146.919068 2.486325
F 1008.503032 1173.787976 2.487516
F 973.120553 1200.489165 2.488353
F 936.846294 1226.433345 2.497900
F 937.121509 1226.335349 2.496181
F 900.584110 1252.873919 2.505807
F 865.367399 1276.728343 2.616044
F 832.330583 1293.591762 2.773111
F 806.321800 1305.644253 2.867523
F 807.456481 1305.559437 2.855144
F 775.362637 1306.707019 3.047970
F 743.383185 1302.123491 -3.037519
F 712.721561 1289.830911 -2.823105
F 712.473860 1288.530175 -2.812526
F 685.066806 1268.513958 -2.590310
F 663.011544 1246.107682 -2.404271
F 645.354578 1221.571038 -2.236388
F 633.901216 1193.119769 -2.047902
F 635.522674 1192.533699 -2.035938
F 631.611620 1159.288369 -1.800569
F 631.210137 1126.821059 -1.615136
F 633.332364 1083.728354 -1.549122
F 638.674021 1082.629155 -1.504632
F 646.468116 1038.262245 -1.464541
F 659.182347 993.625102 -1.403887
F 672.227454 950.589116 -1.360222
F 684.979370 909.582030 -1.330864
F 687.373799 908.816058 -1.317336
F 700.166464 866.416530 -1.305187
F 713.318925 823.977800 -1.296170
F 726.431945 782.899380 -1.289795
F 739.678545 743.754232 -1.284231
F 740.462429 743.566404 -1.283807
F 756.073260 702.821334 -1.216444
F 774.333520 663.540608 -1.146753
F 796.307130 624.043624 -1.060967
F 796.757296 623.348702 -1.064081
F 822.627923 586.204205 -0.975235
F 850.784968 551.153246 -0.891136
F 881.605928 519.194643 -0.803518
F 881.828031 518.907111 -0.805978
F 912.586274 501.178884 -0.725031
F 949.356285 475.773221 -0.577710
F 986.469056 454.552136 -0.452589
F 1023.854507 439.449696 -0.343120
F 1024.866939 439.129614 -0.348422
F 1065.359362 430.692847 -0.226191
F 1105.435040 426.666047 -0.108365
F 1144.833543 425.158519 -0.001026
F 1186.938963 428.412494 0.059847
F 1188.295446 432.067659 0.081460
F 1233.393871 439.555284 0.107932
F 1277.691369 449.552090 0.144574
F 1321.456650 461.870188 0.180411
F 1322.589199 465.096723 0.197663
F 1366.729169 477.401773 0.218616
F 1409.916115 489.848837 0.233249
F 1453.280204 501.774616 0.242337
F 1495.017844 513.585341 0.250071
F 1495.574743 514.774917 0.255283
F 1539.618443 527.078334 0.259154
F 1581.857796 540.279877 0.320862
F 1622.080533 553.711624 0.374238
F 1622.511255 553.981550 0.370474
F 1661.895952 573.632612 0.452724
F 1700.244151 597.347012 0.537677
F 1734.939982 621.914316 0.608758
F 1735.341843 621.662269 0.605999
F 1769.141319 652.028870 0.751156
F 1797.965637 685.940096 0.903126
F 1822.250814 719.466738 1.015742
F 1842.466412 755.397288 1.100465
F 1842.898816 755.262140 1.097452
F 1861.163812 797.000102 1.117493
F 1877.260135 838.753764 1.143479
F 1889.744483 882.020895 1.234472
F 1901.381691 924.881674 1.315260
F 1901.442382 926.516016 1.313570
F 1907.936399 972.414112 1.409556
F 1910.623637 1018.562956 1.499868
F 1910.179332 1062.534326 1.582256
F 1908.868444 1065.485004 1.584107
F 1902.580876 1112.338125 1.677805
F 1893.361357 1155.775554 1.768528
F 1880.738409 1199.152008 1.856653
F 1865.973430 1239.729659 1.937209
F 1864.139190 1240.301561 1.943356
F 1841.840721 1280.703981 2.040929
F 1818.396502 1319.138673 2.121066
F 1792.572943 1355.230160 2.197365
F 1791.057574 1355.144767 2.201337
F 1760.569714 1388.254485 2.292524
F 1727.197970 1418.800436 2.382846
F 1693.167702 1446.932750 2.458683
F 1658.534122 1472.278354 2.529544
F 1657.569481 1471.822217 2.533149
F 1618.837021 1493.923525 2.599221
F 1578.129766 1514.373877 2.621952
F 1538.630870 1534.095982 2.639765
F 1537.701742 1533.062538 2.646794
F 1497.621704 1553.333616 2.652327
F 1458.555342 1573.184767 2.659156
F 1419.491827 1593.203494 2.659736
F 1379.220897 1612.518095 2.670886
F 1382.127779 1608.259770 2.665343
F 1340.557488 1626.506298 2.735021
F 1299.500232 1641.984725 2.804271
F 1256.711351 1654.778691 2.876859
F 1256.737289 1655.238455 2.871383
F 1223.337342 1653.215630 2.947002
F 1187.904787 1652.015730 2.991076
F 1143.081939 1656.089478 3.009120
F 1098.706031 1659.768860 3.026160
F 1098.354490 1658.884591 3.032421
F 1031.348659 1676.466305 3.066474
F 987.005348 1679.058608 3.071015
F 942.867769 1681.403794 3.079152
F 950.111845 1678.918125 3.065139
F 904.955984 1682.253095 3.066035
F 860.916710 1685.855577 3.064965
F 816.462802 1689.071210 3.068639
F 816.521378 1689.400404 3.067032
F 771.678014 1693.325612 3.063917
F 727.397428 1696.707917 3.064548
F 683.108977 1699.935016 3.069080
F 640.993700 1702.089604 3.075806
F 634.925649 1702.992232 3.076613
F 634.719092 1704.370632 3.069276
F 634.560613 1705.286191 3.064540
F 634.430149 1705.969887 3.061082
F 634.278727 1706.455865 3.058525
F 634.147217 1706.875377 3.056513
F 634.023461 1707.220578 3.054919
F 633.912238 1707.509713 3.053631
