K 1824.839883 1880.660829 3.717551
K 1824.839883 1880.660829 3.717551
K 1824.839883 1880.660829 3.717551
K 1824.839883 1880.660829 3.717551
K 1824.839883 1880.660829 3.717551
K 1824.839883 1880.660829 3.717551
K 1824.839883 1880.660829 3.717551
K 1824.839883 1880.660829 3.717551
K 1824.839883 1880.660829 3.717551
K 1824.839883 1880.660829 3.717551
K 1824.839883 1880.660829 3.717551
K 1824.839883 1880.660829 3.717551
K 1824.839883 1880.660829 3.717551
K 1804.071460 1867.171173 3.717600
K 1766.972885 1843.120239 3.716998
K 1729.527264 1818.876376 -2.567333
K 1691.883255 1794.813450 -2.569928
K 1692.009671 1794.924766 -2.570145
K 1654.483525 1771.043357 -2.572242
K 1616.932807 1747.254814 -2.573106
K 1579.504477 1723.750375 -2.577639
K 1542.230630 1700.430784 -2.579074
K 1542.571402 1700.797484 -2.580484
K 1504.971120 1677.230361 -2.583001
K 1467.689055 1652.761267 -2.573305
K 1467.579337 1652.751303 -2.573701
K 1430.016064 1628.317514 -2.571937
K 1392.993294 1604.354381 -2.573391
K 1356.202200 1580.301426 -2.575377
K 1318.955656 1555.749434 -2.567746
K 1282.219415 1531.096316 -2.561451
K 1282.332574 1531.190942 -2.560632
K 1244.718814 1506.823385 -2.560481
K 1207.739666 1482.213082 -2.557844
K 1170.557311 1457.577477 -2.555116
K 1170.488566 1457.960662 -2.556394
K 1133.258999 1433.742824 -2.558531
K 1096.152628 1409.376163 -2.556632
K 1059.203535 1385.123420 -2.557267
K 1021.912281 1361.071405 -2.558760
K 1022.069701 1361.529253 -2.559412
K 985.083231 1337.577389 -2.559790
K 948.294978 1313.484670 -2.556233
K 911.655552 1289.606795 -2.556782
K 912.047946 1290.348535 -2.557035
K 874.976285 1266.427281 -2.556501
K 838.175182 1242.675482 -2.558038
K 801.603344 1218.946004 -2.556660
K 764.809302 1195.388230 -2.558127
K 764.881763 1196.194193 -2.560742
K 728.060593 1172.813419 -2.561430
K 691.123568 1149.587886 -2.566124
K 654.894839 1126.740893 -2.566052
K 655.039759 1127.839130 -2.572077
K 617.378701 1104.758284 -2.580223
K 580.224209 1082.048050 -2.585259
K 543.036463 1059.379295 -2.592081
K 543.541730 1059.975736 -2.595038
K 506.229040 1037.264220 -2.596198
K 468.770096 1014.621528 -2.600611
K 432.761694 991.469320 -2.586442
K 398.072871 966.801684 -2.511866
K 398.381614 968.644144 -2.525484
K 365.226476 938.732706 -2.426582
K 334.907563 906.307580 -2.325954
K 307.824440 872.429228 -2.230993
K 283.972256 836.542691 -2.136467
K 283.481145 837.860074 -2.137777
K 263.063002 799.949057 -2.043134
K 247.304257 758.834794 -1.939566
K 236.164556 717.599749 -1.835088
K 229.011912 674.326830 -1.737952
K 229.011912 674.326830 -1.737952
K 222.374378 633.391845 -1.603086
K 220.796108 593.648751 -1.464342
K 240.595826 551.847654 -1.233689
K 231.342313 553.226574 -1.291280
K 240.087477 516.640177 -1.203152
K 254.350703 479.478604 -1.108161
K 274.883950 445.049135 -0.996167
K 274.179128 444.475980 -1.007039
K 301.866433 413.340153 -0.869305
K 330.179639 385.612364 -0.760365
K 363.833600 360.823229 -0.627813
K 398.560613 340.245326 -0.510483
K 398.477133 339.611917 -0.518265
K 438.145644 325.348608 -0.375767
K 477.027664 314.464564 -0.254023
K 517.779822 309.297379 -0.126093
K 519.814190 310.444316 -0.116760
K 565.080222 310.385416 -0.069711
K 610.588305 313.134495 -0.033302
K 654.684076 317.720219 -0.001479
K 698.399205 323.709812 0.031456
K 698.476677 327.116274 0.048143
K 743.332113 332.241576 0.064079
K 787.680632 338.848000 0.078348
K 830.970055 345.106660 0.091699
K 873.171506 350.580857 0.096540
K 873.419853 350.914576 0.096743
K 917.611104 355.672001 0.099597
K 960.582776 360.544235 0.102128
K 1002.380419 365.817984 0.108833
K 1002.905411 365.604498 0.105527
K 1046.178799 370.297869 0.106036
K 1090.018013 374.865530 0.105498
K 1132.877214 379.410013 0.106754
K 1174.438550 384.137154 0.113253
K 1174.650617 383.820968 0.109325
K 1218.473767 388.721637 0.122163
K 1262.095550 395.046129 0.187906
K 1303.253664 404.362405 0.297681
K 1303.407799 401.774320 0.274000
K 1343.761082 418.888350 0.413683
K 1379.177546 440.056940 0.535849
K 1411.454116 461.865850 0.625321
K 1411.847133 462.803410 0.626619
K 1440.724501 491.941343 0.755068
K 1465.714795 522.976867 0.867639
K 1487.281445 554.840935 0.973255
K 1503.047719 585.779939 1.093835
K 1500.982731 588.065575 1.107605
K 1508.791811 624.767449 1.285222
K 1512.140374 661.397168 1.442365
K 1508.175700 698.627780 1.615809
K 1506.287917 700.458593 1.627546
K 1494.788849 738.000116 1.812194
K 1479.159733 772.046919 1.971160
K 1459.919888 802.682208 2.114822
K 1438.808110 832.750303 2.191624
K 1435.045185 833.083152 2.220750
K 1402.711071 867.157292 2.267302
K 1368.296888 897.060114 2.325949
K 1333.567304 925.020864 2.371094
K 1329.553677 924.878871 2.387372
K 1293.238179 954.457429 2.406999
K 1257.632939 982.612218 2.428292
K 1222.052430 1010.185099 2.442635
K 1220.651546 1009.556217 2.451042
K 1185.349165 1036.913948 2.459833
K 1149.790428 1064.283890 2.468087
K 1114.329100 1091.806423 2.469692
K 1079.216924 1118.659328 2.475693
K 1044.326642 1145.355442 2.477057
K 1043.851008 1145.217516 2.478293
K 1008.461493 1172.398975 2.479671
K 973.290471 1199.407332 2.480676
K 937.254766 1225.656838 2.490099
K 937.530408 1225.589227 2.488535
K 901.235863 1252.430030 2.498053
K 866.201200 1276.593471 2.608532
K 833.298574 1293.745415 2.765828
K 807.393396 1306.035679 2.860364
K 808.540159 1305.992426 2.848057
K 776.473159 1307.417609 3.040930
K 744.509461 1303.102921 -3.044879
K 713.804748 1291.075730 -2.830717
K 713.587852 1289.802391 -2.820250
K 686.091974 1270.016180 -2.597845
K 663.935332 1247.800742 -2.411691
K 646.161788 1223.422469 -2.243724
K 634.561098 1195.082012 -2.055164
K 636.233219 1194.507960 -2.043049
K 632.119159 1161.286392 -1.807291
K 631.522171 1128.825246 -1.621581
K 633.381240 1085.724277 -1.555422
K 638.722834 1084.594258 -1.510859
K 646.245067 1040.185451 -1.470716
K 658.693955 995.472878 -1.409993
K 671.481527 952.365255 -1.366297
K 683.986987 911.293059 -1.336930
K 686.381308 910.518583 -1.323395
K 698.919694 868.053537 -1.311249
K 711.817676 825.548054 -1.302244
K 724.684750 784.404278 -1.295883
K 737.697046 745.194182 -1.290332
K 738.485608 745.009597 -1.289915
K 753.852541 704.178883 -1.222563
K 771.876390 664.791800 -1.152908
K 793.618868 625.155890 -1.067101
K 794.075422 624.454138 -1.070200
K 819.729292 587.147868 -0.981343
K 847.683495 551.921566 -0.897236
K 878.320769 519.772020 -0.809614
K 878.551934 519.480075 -0.812069
K 913.273513 490.339813 -0.712563
K 950.061804 465.470822 -0.566233
K 987.159494 444.703991 -0.442180
K 1024.501562 429.979229 -0.333675
K 1025.351538 429.691561 -0.339530
K 1065.783221 421.612522 -0.217999
K 1105.795360 417.897833 -0.100947
K 1145.172852 416.664079 0.005612
K 1187.276429 420.198592 0.065801
K 1188.570415 423.939471 0.086477
K 1233.656159 431.705620 0.112534
K 1277.955873 441.965255 0.148675
K 1321.631140 454.470983 0.183809
K 1322.711362 457.717189 0.200983
K 1366.785238 470.204197 0.221395
K 1409.912753 482.804829 0.235507
K 1453.215817 494.835134 0.244486
K 1494.909744 506.744938 0.251608
K 1495.421524 507.948219 0.256745
K 1539.395340 520.307675 0.260404
K 1581.560645 533.550768 0.321794
K 1621.714684 547.021661 0.374381
K 1622.086108 547.316697 0.370156
K 1661.413654 566.984903 0.451883
K 1699.718744 590.698776 0.536308
K 1734.394840 615.270088 0.607241
K 1734.779315 615.054854 0.604624
K 1768.617363 645.339820 0.749148
K 1797.509848 679.160781 0.900498
K 1821.885169 712.599911 1.012590
K 1842.214770 748.455720 1.096892
K 1842.617642 748.360426 1.094052
K 1861.027022 790.035798 1.113712
K 1877.290362 831.734081 1.139326
K 1889.951914 875.008341 1.229909
K 1901.785368 917.883283 1.310306
K 1901.822454 919.592996 1.308595
K 1908.523141 965.543717 1.404448
K 1911.426959 1011.778551 1.494540
K 1911.197905 1055.861239 1.576474
K 1909.883552 1058.899173 1.578077
K 1903.891103 1105.842674 1.671347
K 1894.914555 1149.378795 1.762116
K 1882.535490 1192.872588 1.850261
K 1867.998455 1233.578895 1.930817
K 1866.142331 1234.197962 1.936861
K 1844.079138 1274.779782 2.034347
K 1820.855452 1313.406572 2.114358
K 1795.237660 1349.704268 2.190582
K 1793.684447 1349.656849 2.194524
K 1763.386094 1382.999920 2.285684
K 1730.187294 1413.797243 2.375990
K 1696.312930 1442.183866 2.451826
K 1661.815347 1467.785830 2.522696
K 1660.813562 1467.353630 2.526309
K 1622.197806 1489.734970 2.592397
K 1581.595077 1510.475352 2.615155
K 1542.191457 1530.477156 2.633007
K 1541.221405 1529.462789 2.640056
K 1501.284008 1550.014304 2.645471
K 1462.299569 1570.138777 2.652423
K 1423.311524 1590.428773 2.653119
K 1383.179971 1610.027584 2.664112
K 1382.616590 1609.799650 2.663916
K 1341.130018 1628.113808 2.733233
K 1300.158656 1643.671049 2.802159
K 1257.451786 1656.557296 2.874476
K 1257.524544 1657.008156 2.868835
K 1212.886968 1664.430285 2.960105
K 1168.723437 1669.691959 3.015481
K 1124.067421 1672.727024 3.032101
K 1079.870526 1675.403328 3.048038
K 1079.783333 1674.479258 3.053565
K 1035.218508 1677.925649 3.056164
K 990.898000 1680.790018 3.061838
K 946.777812 1683.390611 3.070844
K 946.638278 1683.833454 3.067255
K 901.557256 1687.044601 3.068029
K 857.583925 1690.567403 3.066961
K 813.196811 1693.692874 3.070695
K 813.324153 1694.028060 3.069106
K 768.541681 1697.855521 3.066078
K 724.326782 1701.122564 3.066870
K 680.108274 1704.214496 3.071634
K 638.077926 1706.218145 3.078645
K 632.087188 1707.083050 3.079602
K 631.947427 1708.455954 3.072339
K 631.855336 1709.374343 3.067627
K 631.789846 1710.065552 3.064165
K 631.701750 1710.562044 3.061584
K 631.632034 1710.993456 3.059537
K 631.568320 1711.351473 3.057900
K 631.515329 1711.653909 3.056563
