F 1806.082476 1833.870345 3.725411
D C 364.9 -287.9 1415.4 -461.6 1742.8 248.9 1129.7 565.4 538.4 591.2 896.5 1317.5
W C 1343.0 1873.0 370.7 1438.8 489.2 665.5 1175.1 739.4 1682.8 1043.8 1784.3 240.4
F 1806.157412 1834.969183 3.725846
D C 366.0 -288.8 1416.7 -462.0 1741.8 248.8 1129.9 565.4 540.6 593.7 897.6 1319.0
W C 1341.6 1874.0 369.6 1438.9 490.5 666.7 1175.6 740.1 1682.7 1041.6 1785.0 239.7
F 1806.015388 1836.628230 3.726560
D C 366.2 -289.0 1418.2 -462.5 1741.8 248.8 1131.1 566.1 541.5 594.6 900.0 1322.6
W C 1341.1 1875.4 368.3 1439.2 491.2 667.4 1175.6 740.1 1682.9 1041.9 1786.0 237.0
F 1805.822508 1834.047707 3.725664
D C 366.2 -288.9 1417.4 -462.3 1737.0 248.1 1129.5 565.3 540.5 593.6 896.8 1317.9
W C 1341.0 1873.2 368.5 1438.1 493.6 669.2 1175.2 739.6 1682.2 1040.8 1784.4 240.0
F 1806.633070 1833.348905 3.724992
D C 365.1 -288.1 1419.4 -462.9 1739.8 248.5 1128.6 564.8 537.0 589.7 898.0 1319.6
W C 1343.2 1872.7 367.0 1437.8 491.5 667.5 1175.9 740.3 1683.3 1045.4 1784.1 237.4
F 1805.060596 1833.812343 3.725928
D C 365.1 -288.1 1413.4 -460.9 1740.2 248.6 1129.9 565.5 538.2 591.0 896.5 1317.5
W C 1341.6 1872.7 371.9 1438.6 490.7 666.5 1174.5 738.8 1682.2 1044.0 1784.1 240.4
F 1805.308536 1834.618732 3.726132
D C 364.7 -287.8 1418.5 -462.6 1734.9 247.8 1132.6 566.8 539.8 592.8 897.2 1318.4
W C 1342.3 1873.4 367.1 1437.7 495.2 670.6 1173.5 736.9 1682.3 1042.4 1784.6 240.0
F 1805.349130 1835.261071 3.726357
D C 364.9 -287.9 1417.5 -462.3 1738.0 248.2 1131.9 566.5 540.7 593.8 897.5 1318.9
W C 1342.1 1873.9 368.2 1438.3 493.2 668.9 1174.2 738.1 1682.3 1041.7 1785.0 240.1
F 1805.536108 1835.428478 3.726332
D C 365.2 -288.2 1416.6 -462.0 1739.8 248.5 1132.5 566.8 539.6 592.6 898.1 1319.8
W C 1341.9 1874.2 369.3 1438.7 491.9 667.8 1174.0 737.7 1682.7 1043.5 1785.2 239.1
F 1806.282538 1834.484452 3.724961
D C 365.8 -288.6 1417.7 -457.6 1739.7 248.5 1129.9 565.5 539.5 592.4 897.2 1318.4
W C 1342.0 1873.9 371.0 1435.4 491.2 668.8 1174.7 740.1 1682.4 1042.9 1783.7 239.9
F 1805.458785 1835.896064 3.726542
D C 364.1 -287.3 1419.0 -462.8 1739.0 248.4 1133.0 567.0 539.7 592.7 898.8 1320.8
W C 1343.3 1874.4 366.9 1438.2 492.8 668.6 1173.9 737.6 1682.7 1043.7 1785.4 238.5
F 1806.300151 1835.018162 3.725798
D C 364.5 -287.7 1416.9 -462.1 1743.3 249.0 1132.5 566.8 539.1 592.1 896.9 1318.1
W C 1343.6 1873.9 369.5 1439.0 489.5 665.8 1174.2 737.6 1683.1 1043.8 1785.1 240.9
F 1807.613536 1835.067937 3.725179
D C 365.0 -288.0 1423.0 -464.1 1741.8 248.8 1130.1 565.6 541.0 594.1 897.9 1319.5
W C 1344.3 1874.3 364.4 1438.2 491.2 667.7 1176.2 740.4 1683.5 1041.2 1785.4 239.2
F 1805.726183 1834.502843 3.725874
D C 365.2 -288.2 1416.0 -461.8 1740.2 248.6 1131.2 566.1 539.4 592.4 896.8 1317.9
W C 1342.2 1873.4 369.9 1438.6 491.3 667.3 1174.5 738.4 1682.6 1042.8 1784.7 240.5
F 1788.858918 1818.147156 3.721380
D C 352.2 -286.8 1402.9 -457.5 1715.5 250.4 1074.3 550.0 518.5 594.6 878.1 1325.0
W C 1337.1 1865.1 364.5 1432.3 490.9 668.8 1191.5 769.5 1680.8 1036.7 1780.2 228.6
F 1759.242850 1800.416237 3.726877
D C 313.8 -287.5 1365.2 -463.9 1681.8 240.2 1048.8 549.2 488.9 592.9 846.9 1321.6
W C 1338.8 1866.7 365.0 1432.9 490.1 671.1 1188.4 763.2 1679.3 1036.2 1783.4 231.0
F 1719.270622 1786.968805 3.726297
D C 279.2 -282.2 1324.1 -454.4 1640.5 244.6 1000.7 547.8 445.3 586.2
W C 1330.7 1868.2 364.3 1435.1 486.3 677.5 1187.1 777.9 1671.5 1052.4
F 1695.180569 1781.052828 3.735415
D C 260.9 -280.4 1277.2 -447.1 1622.9 242.0 985.4 543.3 432.6 584.3
W C 1322.1 1867.5 386.5 1437.0 485.5 672.4 1182.5 779.4 1663.5 1054.7
F 1652.701510 1753.099856 3.731752
D C 216.5 -277.0 1229.1 -443.0 1564.3 248.0 933.0 544.7 379.5 588.2
W C 1318.7 1862.8 384.9 1437.2 491.0 676.5 1180.7 781.4 1664.7 1053.2
F 1627.266329 1735.817833 3.732582
D C 187.9 -278.9 1197.8 -440.1 1532.9 243.0 902.1 541.6 348.6 590.7
W C 1315.9 1862.7 387.4 1433.8 489.8 680.0 1180.0 783.5 1667.0 1051.1
F 1600.377647 1721.137885 3.734171
D C 155.6 -276.2 1169.5 -441.9 1500.5 242.6 873.3 546.4 318.8 593.1
W C 1317.0 1863.4 383.5 1434.5 491.2 681.9 1181.2 780.1 1667.2 1051.1
F 1570.276516 1701.013603 3.731918
D C 124.8 -274.1 1131.1 -439.3 1466.0 246.2 832.9 546.4 280.4 594.1
W C 1314.0 1859.3 386.0 1436.4 489.5 680.4 1182.5 783.5 1668.0 1051.4
F 1557.859617 1692.137817 3.728152
D C 113.1 -277.2 1117.5 -438.0 1443.4 251.6 818.1 551.1 264.3 597.6
W C 1310.3 1860.4 384.7 1438.4 495.0 683.7 1181.6 780.3 1668.4 1048.2
F 1516.197683 1666.713758 3.730942
D C 67.3 -274.8 1066.3 -436.9 1395.6 247.7 770.4 547.0 214.8 601.8
W C 1307.5 1857.8 386.9 1437.2 493.7 685.1 1179.8 783.8 1672.1 1047.0
F 1503.344187 1631.100475 3.716503
D C 1026.6 -435.5 1364.7 246.5 735.6 539.4 184.2 595.6
W C 405.0 1438.3 492.1 682.2 1179.3 778.4 1672.6 1031.1
F 1473.004003 1613.083080 3.712470
D C 997.1 -433.8 1324.9 251.9 698.2 545.7 146.0 600.5
W C 399.6 1439.3 494.3 685.2 1180.4 776.7 1674.6 1028.9
F 1451.020005 1587.812155 3.716349
D C 958.2 -434.5 1292.7 249.9 666.4 544.3 474.7 1317.1 112.0 603.8
W C 410.6 1431.6 501.9 675.3 1187.6 768.7 1768.6 224.3 1685.3 1020.1
F 1416.050660 1580.223168 3.720512
D C -47.4 -285.1 925.1 -422.9 1257.2 251.0 631.5 545.5 438.5 1317.1 81.6 604.0
W C 1299.8 1844.8 410.3 1428.1 501.1 682.3 1185.9 778.1 1769.6 237.8 1678.2 1030.0
F 1389.879894 1562.170858 3.720082
D C -78.6 -288.4 896.0 -426.3 1220.4 251.5 601.9 546.3 407.1 1316.5 48.0 606.7
W C 1298.0 1846.6 406.5 1429.2 505.6 684.4 1184.6 775.6 1768.8 237.3 1681.4 1027.9
F 1353.616660 1526.242007 3.715221
D C 848.2 -429.4 1172.2 252.8 550.1 540.9 358.9 1316.4 -4.2 609.6
W C 408.2 1426.6 506.2 677.7 1185.1 773.3 1766.6 225.8 1687.9 1016.5
F 1338.124821 1519.270838 3.714796
D C 833.9 -428.6 1149.7 255.4 535.0 545.7 342.8 1320.9 -21.1 610.9
W C 405.1 1427.1 510.7 681.2 1184.6 770.6 1766.5 223.6 1687.1 1017.5
F 1310.952068 1503.373908 3.719037
D C 801.3 -430.7 1119.8 252.3 506.2 542.3 317.0 1321.4 -51.5 614.4
W C 404.4 1426.8 510.5 680.7 1182.9 772.7 1766.6 223.2 1689.5 1016.7
F 1263.902918 1476.348681 3.718656
D C 743.2 -420.3 1069.2 254.8 450.7 543.2 262.7 1326.0 -104.8 612.2
W C 411.8 1423.1 506.8 679.5 1182.5 775.2 1767.1 221.7 1685.7 1020.5
F 1251.615251 1465.353776 3.720037
D C 724.6 -421.6 1054.6 251.3 437.8 541.0 248.2 1316.0 -122.5 613.4
W C 414.4 1422.2 506.0 678.4 1180.8 773.0 1763.3 227.7 1689.6 1018.7
F 1211.148005 1442.010332 3.719994
D C 681.4 -422.0 1006.0 252.8 390.4 541.0 199.3 1322.5 -167.7 618.9
W C 409.9 1422.9 507.0 680.4 1180.0 775.6 1767.3 225.7 1689.9 1015.5
F 1197.541120 1434.305353 3.718661
D C 664.2 -417.0 990.9 255.5 375.1 544.0 182.3 1319.4 -184.1 619.0
W C 413.4 1421.5 506.5 679.6 1180.0 773.8 1764.6 229.1 1689.6 1016.0
F 1172.794630 1409.297901 3.707618
D C 632.6 -416.4 954.7 261.8 340.5 546.0 145.9 1324.3
W C 415.5 1421.5 507.4 676.3 1178.2 765.8 1759.9 213.3
F 1146.881268 1393.060187 3.709414
D C 600.0 -416.4 924.3 259.6 313.0 545.7 117.1 1324.1
W C 417.1 1421.5 507.2 677.1 1176.5 764.6 1760.2 213.8
F 1115.790855 1378.566520 3.712503
D C 565.1 -415.8 892.5 259.6 281.0 546.6 85.1 1335.0
W C 415.6 1423.0 505.1 677.9 1174.8 766.8 1765.6 209.3
F 1074.971477 1355.080431 3.705853
D C 518.1 -408.9 845.8 268.6 232.5 552.9 27.6 1332.7
W C 418.5 1423.5 504.0 675.8 1174.2 763.6 1764.4 214.2
F 1065.448691 1346.325895 3.709852
D C 506.2 -414.8 830.8 263.9 219.6 550.2 23.5 1330.5
W C 415.6 1423.5 507.2 676.8 1176.5 764.4 1761.7 212.3
F 1038.197586 1329.309877 3.705462
D C 477.6 -411.3 797.6 264.2 186.2 548.0 -17.4 1336.7
W C 414.7 1421.7 505.2 679.7 1173.7 766.7 1767.3 208.9
F 1010.545837 1314.572946 3.710057
D C 442.9 -413.4 768.5 265.0 157.6 551.3 -42.1 1337.7
W C 414.8 1424.5 505.6 677.5 1174.5 765.2 1766.1 209.9
F 981.809014 1296.586427 3.706189
D C 412.3 -411.7 732.1 265.1 123.6 552.2 -83.4 1341.0
W C 413.2 1423.8 505.2 680.9 1172.9 764.0 1769.8 208.3
F 969.184278 1288.883451 3.705452
D C 396.0 -412.7 718.6 267.7 109.5 552.9 -99.9 1340.5
W C 413.9 1426.1 504.9 678.6 1172.1 763.0 1770.0 209.3
F 928.647864 1265.261255 3.703766
D C 351.1 -414.0 669.9 270.9 62.8 555.0 -150.2 1344.9
W C 410.9 1428.4 506.2 679.0 1171.3 762.2 1772.6 207.4
F 901.713931 1249.945306 3.705025
D C 320.9 -415.8 639.9 270.2 31.9 553.6 -180.6 1353.2
W C 408.4 1430.1 505.0 679.7 1170.4 764.9 1777.1 202.3
F 877.693434 1234.654796 3.703535
D C 291.5 -415.9 612.0 274.1 1.3 557.3 -209.2 1346.5
W C 409.4 1431.3 505.8 676.6 1173.6 762.3 1772.2 206.7
F 841.624461 1222.238785 3.696532
D C 259.1 -419.8 579.9 274.8 -29.7 560.6
W C 400.2 1442.5 493.5 683.1 1162.2 761.4
F 802.521461 1198.815119 3.694878
D C 214.4 -418.7 534.3 275.6 -76.7 561.9
W C 400.1 1442.4 492.8 683.6 1163.1 761.0
F 788.421084 1193.255014 3.692662
D C 201.0 -417.5 520.5 278.7 -95.3 567.1
W C 398.6 1443.7 490.9 683.3 1166.5 760.0
F 749.360483 1169.828925 3.690579
D C 156.5 -420.1 471.2 282.9 -139.0 568.0
W C 396.6 1446.5 495.0 682.6 1164.3 757.9
F 734.407602 1163.811619 3.689332
D C 142.9 -418.5 452.7 285.2 -155.2 572.6
W C 394.5 1446.7 496.4 684.6 1165.1 755.8
F 694.583167 1152.681620 3.688396
D C 110.2 -416.7 423.6 285.4
W C 383.8 1451.3 481.2 688.7
F 655.852639 1126.988937 3.680434
D C 66.5 -419.3 375.4 287.9
W C 383.6 1452.8 481.4 687.2
F 640.985446 1116.152324 3.673866
D C 49.9 -423.1 356.3 291.0
W C 383.3 1455.4 481.7 684.6
F 600.429088 1093.356004 3.671443
D C 4.2 -422.5 309.2 293.0
W C 383.3 1455.8 481.7 684.2
F 586.666572 1082.544339 3.666511
D C -11.4 -425.9 290.8 293.1
W C 383.1 1456.8 481.9 683.2
F 559.932714 1067.211241 3.658547
D C -39.0 -426.5 257.8 295.7
W C 383.1 1457.3 481.9 682.7
F 516.514768 1040.669319 3.649645
D C -86.6 -430.1 204.9 297.1
W C 382.9 1458.6 482.1 681.4
F 502.585579 1030.805630 3.646714
D C -102.3 -432.3 187.1 295.9
W C 382.9 1458.7 482.1 681.3
F 460.651211 1007.421392 3.636182
D C -146.8 -436.5 137.0 299.6
W C 382.7 1461.3 482.3 678.7
F 449.142507 999.411536 3.649160
D C -165.7 -434.5 126.2 295.0
W C 382.8 1459.7 482.2 680.3
F 412.475962 973.154538 3.746880
D C 111.4 279.3
W C
F 379.503308 927.089478 3.904300
D C 87.3 262.1 -513.4 1503.6
W C 497.5 677.3 1789.5 194.7
F 370.541503 910.267962 3.935999
D C 78.5 256.7 -485.0 1510.9
W C 498.6 674.4 1788.4 197.6
F 342.519433 868.758016 4.034125
D C 53.9 237.6 -385.1 1552.8
W C 493.7 677.6 1793.3 194.4
F 333.644747 854.394244 4.062846
D C 44.0 233.1 -357.2 1562.8
W C 492.7 678.4 1794.3 193.6
F 315.846888 825.577209 4.136334
D C 28.3 225.5 -276.6 1587.1
W C 489.5 679.0 1797.5 193.0
F 295.758009 785.001751 4.236381
D C 12.0 220.5
W C
F 280.254712 743.575750 4.336428
D C -3.5 218.5
W C
F 268.509611 700.217704 4.431821
D C -31.5 220.8
W C
F 268.509611 700.217704 4.431821
D C
W C
F 265.388612 654.511596 4.615628
D C 122.1 1605.2
W C
F 271.406209 610.099246 4.813394
D C 253.5 1583.1
W C
F 285.195693 568.228347 4.997201
D C 310.7 1567.9
W C
F 285.638509 625.997359 4.755809
D C 493.5 1497.5 -73.5 911.2
W C 1803.2 198.0 1192.8 739.0
F 294.045894 633.829663 4.783625
D C 546.3 1473.2 -45.1 905.1
W C 1802.4 193.7 1193.6 743.3
F 288.906291 535.468460 4.992949
D C 718.3 1366.3 51.8 899.4 -70.7 1510.6
W C 1800.7 223.6 1167.5 734.7 1720.8 1021.7
F 324.352270 562.044068 5.038498
D C 821.0 1281.3 108.2 882.4
W C 1801.1 194.7 1194.9 742.3
F 332.135762 540.629736 5.094532
D C 865.4 1230.7 138.0 879.0
W C 1796.8 196.6 1199.2 740.4
F 359.358009 508.898853 5.237606
D C 990.5 1087.7 221.3 842.1
W C 1797.1 197.3 1198.9 739.7
F 368.603312 503.704541 5.285285
D C 1034.3 1035.8 249.3 824.2
W C 1799.7 196.1 1196.3 740.9
F 404.235095 463.960393 5.434908
D C 1117.9 868.2 321.9 778.7
W C 1794.8 199.5 1201.2 737.5
F 425.459256 452.855671 5.526209
D C 1169.4 756.9 368.4 738.9
W C 1795.3 200.0 1200.7 737.0
F 440.889701 443.372289 5.576544
D C 1186.4 692.7 388.9 718.3
W C 1792.9 199.9 1203.1 737.1
F 488.895525 426.017876 5.727417
D C 1228.1 496.6 441.6 640.4
W C 1794.1 199.9 1201.9 737.1
F 497.359390 419.886306 5.774176
D C 1241.8 441.1 458.4 619.1
W C 1796.6 199.9 1199.4 737.1
F 545.318826 410.537730 5.931161
D C 1244.9 232.8 503.6 533.0
W C 1794.2 199.8 1201.8 737.2
F 583.039879 411.783891 6.027215
D C 1219.6 102.2 521.9 470.9
W C 1788.8 201.8 1207.2 735.2
F 591.122871 323.654408 6.192267
D C 1209.0 41.7 528.2 442.3 598.4 1583.6
W C 1798.9 255.4 1157.3 716.2 1330.8 1846.3
F 635.563135 337.388290 6.261366
D C 1155.2 -77.2 513.9 389.1 -227.3 1102.7
W C 1788.8 235.0 1157.8 715.2 432.4 1444.8
F 652.789973 336.443627 6.286438
D C 1138.0 -104.2 504.8 377.4 -217.7 1107.8
W C 1791.1 236.0 1156.4 715.5 431.5 1443.5
F 705.167697 337.100231 6.322749
D C 1079.7 -145.8 471.7 359.5 -234.2 1119.0
W C 1789.8 234.1 1162.3 714.9 426.9 1446.0
F 722.091276 340.220417 6.324541
D C 1061.5 -150.0 458.2 358.1 -251.2 1114.9
W C 1788.9 234.2 1165.1 717.0 425.0 1443.8
F 769.572411 341.483735 0.040458
D C 1016.0 -149.9 411.8 358.0 -302.9 1118.1
W C 1790.8 232.8 1166.5 715.8 421.6 1446.4
F 798.798554 342.933208 0.064575
D C 985.4 -154.7 381.6 355.0 618.0 1482.2 -325.8 1120.5
W C 1792.1 252.1 1156.7 721.9 1319.8 1861.9 401.3 1440.1
F 819.313915 339.234096 0.051396
D C 965.4 -154.6 363.7 357.6 -338.5 1125.2
W C 1791.4 234.4 1164.1 715.0 423.5 1445.6
F 865.037250 340.423904 0.047835
D C 920.6 -156.1 865.4 667.9 316.4 356.2 -393.2 1128.9
W C 1792.0 228.5 1697.6 1049.0 1164.1 711.3 418.3 1449.2
F 900.777403 361.326418 0.016029
D C 887.6 -156.1 828.7 664.3 284.4 355.9
W C 1790.8 219.4 1718.7 1038.8 1179.5 721.8
F 936.242649 360.149136 0.020095
D C 850.6 -157.7 797.1 663.4 250.3 355.9
W C 1789.9 219.6 1719.8 1039.4 1179.3 721.0
F 968.962084 360.528280 0.025298
D C 818.5 -162.2 765.7 657.4 220.1 357.8
W C 1791.3 219.1 1717.8 1037.1 1179.9 723.8
F 984.958349 361.249643 0.028202
D C 802.3 -166.7 749.5 655.6 206.9 358.1
W C 1791.7 217.3 1715.7 1037.7 1181.6 725.0
F 1031.394008 363.442116 0.023682
D C 758.5 -167.3 700.8 660.0 156.1 358.9
W C 1793.7 214.2 1716.4 1039.9 1179.0 725.9
F 1050.168428 364.164942 0.023183
D C 739.3 -167.8 679.8 660.2 139.5 359.2
W C 1793.2 213.5 1714.5 1040.0 1181.3 726.5
F 1096.128758 364.768340 0.022574
D C 693.8 -171.0 631.8 664.6 94.7 360.3
W C 1793.6 209.5 1712.7 1043.4 1182.6 727.1
F 1126.672869 368.202265 0.019300
D C 666.3 -170.7 595.6 658.1 63.8 362.6
W C 1796.1 210.4 1709.4 1037.7 1183.4 732.0
F 1143.597615 367.827318 0.025067
D C 648.8 -174.7 583.1 656.4 47.9 363.1
W C 1796.6 209.4 1710.1 1038.6 1182.4 732.0
F 1190.511823 369.353098 0.025858
D C 603.7 -176.6 536.2 654.4 -0.3 365.0
W C 1798.6 208.4 1709.6 1037.4 1180.8 734.2
F 1224.314531 369.658823 0.024617
D C 570.1 -174.4 500.0 654.1 -32.9 366.1
W C 1798.5 209.4 1708.1 1035.8 1182.4 734.8
F 1255.484739 372.467755 0.024217
D C 540.6 -176.3 467.2 651.6 -64.7 364.7
W C 1800.2 209.3 1706.8 1035.2 1182.0 735.5
F 1287.938404 375.558717 0.087147
D C 495.0 -211.8 473.4 623.2 -72.1 366.8
W C 1799.5 207.7 1705.3 1037.6 1184.2 734.7
F 1305.719469 378.949730 0.121016
D C 467.3 -233.0 477.6 609.1 -77.0 367.7
W C 1797.8 204.1 1706.3 1041.2 1184.9 734.7
F 1351.456428 395.210372 0.314051
D C 384.1 -301.2 513.5 530.3 421.7 1394.0 -68.8 368.2
W C 1809.8 227.4 1676.0 1058.2 1321.9 1851.3 1172.3 724.1
F 1389.862937 417.137434 0.461333
D C 292.0 -357.5 542.5 445.9 577.0 1315.3 -59.0 372.3
W C 1810.4 227.0 1677.2 1057.9 1321.1 1851.8 1171.3 724.2
F 1403.906358 429.964762 0.514001
D C 255.9 -377.3 547.0 414.2 621.5 1275.8 -54.4 372.7
W C 1812.3 227.2 1676.6 1059.6 1317.8 1846.5 1173.3 727.7
F 1424.327036 443.911572 0.560348
D C 187.9 -402.9 556.5 357.8 -47.5 373.2
W C 1797.7 202.5 1705.6 1042.7 1185.8 734.8
F 1443.918692 471.698503 0.701965
D C 120.7 -424.8 560.1 299.9 791.8 1126.0 -41.8 374.4
W C 1810.4 225.3 1677.9 1062.4 1321.4 1842.7 1170.3 730.6
F 1462.198115 496.651184 0.806142
D C 45.3 -442.5 558.3 237.8 874.6 1034.6 -34.7 373.1
W C 1812.9 223.0 1677.1 1064.1 1321.1 1844.0 1168.9 729.9
F 1472.745378 500.084695 0.809254
D C 8.6 -446.6 556.9 207.5 -31.4 374.2
W C 1801.9 198.1 1706.8 1046.3 1180.3 735.6
F 1490.450383 547.341043 1.007848
D C -104.3 -453.2 534.5 120.4 998.4 846.7 194.9 1410.6 -21.0 374.8
W C 1818.0 217.3 1673.8 1063.6 1307.3 1843.6 401.6 1465.0 1162.3 729.6
F 1497.348205 570.738893 1.119215
D C -178.0 -446.0 512.5 55.6 1055.3 725.2 322.9 1383.0 -9.3 369.3 -318.6 961.9
W C 1820.9 216.0 1671.0 1056.2 1305.4 1836.7 393.9 1464.8 1161.0 723.5 492.9 703.9
F 1516.914823 614.368568 1.272389
D C 488.7 -19.1 1115.7 575.6 473.2 1325.7 13.1 361.8 -220.7 993.5
W C 1678.9 1075.8 1294.8 1850.0 389.0 1456.4 1174.9 733.2 502.5 695.5
F 1523.349418 645.044264 1.402037
D C 456.0 -83.1 1153.1 425.6 612.4 1247.4 33.3 351.8
W C 1681.8 1080.6 1297.5 1853.2 396.5 1458.3 1182.2 736.9
F 1511.200731 674.334522 1.581508
D C 388.3 -177.5 791.3 1096.5 58.8 334.4
W C 1684.6 1064.6 406.3 1453.9 1176.2 729.6
F 1510.287010 699.864880 1.654177
D C 361.4 -204.4 1167.8 112.3 848.8 1048.9 66.9 327.2
W C 1683.9 1077.1 1301.1 1854.3 394.3 1458.3 1178.7 739.3
F 1501.982941 729.584634 1.794529
D C 299.1 -257.6 1139.5 -48.1 958.3 919.4 80.4 309.7
W C 1686.8 1078.4 1296.1 1851.3 392.9 1460.0 1182.2 739.2
F 1488.961416 757.171951 1.923571
D C 230.0 -296.1 1093.5 -195.8 1039.4 787.0 91.0 291.0
W C 1687.4 1075.3 1294.9 1851.0 391.3 1460.7 1184.4 742.0
F 1472.167105 781.125471 2.056742
D C 160.0 -329.9 1025.6 -345.0 1108.0 642.3 100.3 272.9
W C 1689.1 1076.7 1298.2 1849.1 386.7 1460.9 1184.0 742.3
F 1460.172648 791.141073 2.118921
D C 126.2 -345.2 988.0 -411.9 1127.3 564.2 103.5 264.0
W C 1689.0 1078.7 1296.9 1849.1 391.2 1459.3 1180.9 741.9
F 1428.616607 812.291192 2.292924
D C 21.0 -374.4 861.3 -590.0 1181.2 351.4 111.6 238.2
W C 1695.7 1075.5 1302.0 1848.6 384.2 1466.4 1176.1 738.5
F 1400.690786 835.037767 2.384530
D C -50.1 -379.6 773.3 -670.2 1165.1 240.1 99.6 227.0
W C 1697.8 1076.6 1298.9 1853.3 388.9 1460.7 1172.4 738.4
F 1369.248864 858.264815 2.427873
D C -106.3 -380.6 702.3 -697.0 1136.0 194.4 558.8 694.9 69.4 222.0
W C 1698.7 1076.4 1294.6 1844.9 383.2 1455.0 492.0 698.8 1171.5 735.9
F 1348.690326 900.598243 2.485634
D C 638.2 -720.6 1103.8 147.3 549.8 679.4 42.0 219.2
W C 1282.5 1860.9 384.2 1457.1 498.7 697.5 1181.7 752.5
F 1312.074597 933.536518 2.494080
D C 583.9 -723.9 1056.0 144.2 505.9 678.8 -5.6 223.2
W C 1283.0 1863.1 382.8 1455.5 499.2 697.3 1182.0 752.1
F 1296.964413 945.243414 2.493914
D C 568.0 -722.2 1029.5 143.8 487.8 675.9 -21.7 225.9
W C 1279.7 1863.9 389.2 1451.7 500.1 700.5 1178.0 752.0
F 1263.848980 963.481003 2.485720
D C 539.2 -725.9 994.3 145.1 452.1 682.3
W C 1279.2 1867.7 387.3 1454.8 489.5 698.5
F 1239.246952 986.610971 2.490980
D C 502.1 -721.1 959.5 143.1 423.8 679.6
W C 1276.5 1864.5 389.1 1453.9 490.4 702.6
F 1214.670124 1006.681250 2.489126
D C 472.7 -720.6 927.4 144.1 389.9 684.6
W C 1276.6 1866.3 390.2 1455.3 489.2 699.4
F 1191.673254 1026.435905 2.494265
D C 439.7 -722.3 894.6 141.8 365.5 685.0
W C 1276.5 1867.8 392.5 1452.8 487.0 700.4
F 1164.311879 1046.466929 2.490517
D C 408.0 -724.1 862.3 144.8 327.5 688.2
W C 1278.6 1869.7 390.6 1453.8 486.7 697.5
F 1128.380960 1077.457862 2.487697
D C 363.4 -720.5 813.0 149.4 278.9 692.8
W C 1278.3 1870.4 392.2 1453.4 485.6 697.2
F 1114.221236 1085.684695 2.488985
D C 347.9 -722.6 793.1 145.8 265.8 690.5
W C 1276.6 1871.1 395.6 1451.5 483.7 698.5
F 1087.929140 1107.366036 2.489971
D C 313.2 -723.1 758.5 146.6 233.0 692.6
W C 1277.4 1872.3 396.0 1450.8 482.6 697.9
F 1048.190805 1136.608122 2.490694
D C 264.4 -723.1 708.3 143.7 184.1 692.2
W C 1276.0 1872.0 397.7 1451.4 482.3 697.5
F 1035.271475 1147.211402 2.489334
D C 249.0 -721.9 691.2 144.6 166.4 693.4
W C 1275.6 1872.1 398.2 1451.8 482.2 697.2
F 998.069938 1177.170869 2.489879
D C 200.8 -723.4 644.3 145.2 118.3 697.5
W C 1277.2 1874.1 397.8 1452.5 481.0 694.4
F 976.491437 1197.514780 2.511414
D C 625.4 147.0 103.3 700.2
W C 384.6 1447.3 480.4 692.7
F 961.917833 1208.161364 2.493116
D C 153.4 -722.0 592.6 145.0 75.1 701.7
W C 1275.7 1876.2 402.0 1450.5 478.3 694.3
F 915.161098 1246.680418 2.513646
D C 548.2 148.5 25.4 704.5
W C 384.3 1448.5 480.7 691.5
F 911.106164 1246.014295 2.493507
D C 94.8 -727.4 530.3 145.4 6.0 704.9
W C 1274.6 1883.2 400.5 1450.2 480.8 687.7
F 879.437535 1264.567572 2.600829
D C -17.4 -730.3 501.2 85.8 46.7 697.9
W C 1270.3 1881.7 405.6 1449.1 480.1 690.2
F 867.975838 1266.600583 2.660201
D C -69.5 -734.5 488.2 51.5 80.8 694.3
W C 1269.6 1885.4 411.5 1447.0 474.9 688.6
F 845.047438 1264.969130 2.802063
D C -201.2 -720.6 470.1 -31.4 163.9 665.1
W C 1274.8 1877.4 412.2 1451.2 469.0 692.4
F 823.441934 1268.507582 2.952105
D C -325.3 -689.0 438.1 -100.9 236.4 637.5
W C 1272.7 1883.9 412.2 1450.1 471.2 687.0
F 782.126871 1282.357675 3.161979
D C 394.8 -176.1 312.9 586.5
W C 383.8 1450.4 481.2 689.6
F 748.816289 1268.470947 3.402229
D C 305.4 -271.4 408.1 491.9
W C 383.8 1451.9 481.2 688.1
F 739.842288 1259.940817 3.476500
D C 272.6 -298.5 432.8 455.2
W C 384.3 1452.2 480.7 687.8
F 732.260442 1244.186896 3.651592
D C 197.6 -343.3 477.5 375.6 -139.4 637.0
W C 392.2 1447.3 498.9 683.3 1164.9 756.4
F 719.912912 1227.370152 3.804723
D C 121.6 -374.7 509.4 295.3 -59.8 642.2
W C 393.4 1447.9 500.3 681.1 1162.3 758.1
F 708.779793 1207.786077 3.948341
D C 44.4 -397.5 526.6 212.9 9.4 643.2
W C 391.1 1450.7 498.2 680.3 1166.7 756.0
F 701.128738 1174.272801 4.174022
D C -79.6 -408.3 527.6 77.0 122.2 616.6
W C 391.4 1452.0 496.7 681.8 1167.9 753.2
F 686.551768 1170.606200 4.272475
D C -117.1 -404.9 518.4 38.6 154.2 601.9 -301.8 992.1
W C 370.1 1448.9 500.7 685.1 1165.4 774.8 1712.7 1021.1
F 674.548108 1128.023694 4.507513
D C 484.2 -80.6 250.5 552.4 -114.8 1028.0
W C 497.1 670.3 1164.4 770.4 1704.4 1031.3
F 680.024719 1113.833820 4.591782
D C 463.7 -129.5 284.9 522.4 -45.0 1028.0
W C 495.7 669.1 1164.4 768.1 1705.9 1034.8
F 687.470160 1092.349136 4.729675
D C 417.6 -200.3 332.5 472.9 77.4 1016.9
W C 494.5 671.4 1166.0 768.1 1705.5 1032.6
F 705.444574 1056.755442 4.889093
D C 340.7 -282.7 370.5 402.0 195.8 988.2
W C 487.0 671.6 1166.3 762.6 1712.7 1037.7
F 706.918520 1037.177870 4.898126
D C 319.3 -281.9 353.5 402.9 185.7 984.8
W C 488.8 671.3 1168.1 764.2 1709.0 1036.5
F 730.383286 976.523387 4.960011
D C 240.6 -305.9 991.3 835.3 327.0 374.9 198.7 971.5
W C 492.8 668.3 1783.2 220.2 1174.0 751.4 1721.0 1022.0
F 735.190073 954.948926 4.972412
D C 214.0 -309.4 977.9 824.1 314.1 371.6 186.3 971.4
W C 491.2 668.6 1783.0 221.8 1175.0 746.9 1721.8 1024.7
F 740.749896 923.070692 4.978277
D C 178.8 -306.2 951.2 821.8 285.9 373.9 158.4 970.3
W C 492.3 670.1 1783.6 221.2 1176.6 745.5 1718.6 1025.2
F 751.556648 874.742095 4.979480
D C 128.9 -302.7 907.0 823.3 235.7 375.3 107.0 971.2
W C 493.6 670.5 1785.1 217.2 1175.8 746.5 1716.5 1027.9
F 754.768323 860.214415 4.980412
D C 113.7 -302.3 890.0 822.9 222.3 376.8 94.9 971.5
W C 493.3 670.5 1784.0 220.0 1177.0 745.6 1716.7 1025.9
F 770.170032 814.407365 4.978685
D C 66.0 -310.7 840.0 820.9 174.6 375.8 44.1 974.0
W C 487.8 668.9 1783.2 220.0 1178.6 744.9 1721.5 1028.2
F 780.074964 783.616450 4.976942
D C 33.1 -313.4 805.3 821.5 142.7 377.7 11.2 970.1
W C 486.2 669.8 1783.5 221.1 1182.0 744.6 1719.3 1026.5
F 784.818036 768.626659 4.976896
D C 19.5 -314.1 787.0 817.8 126.4 379.8 -3.7 969.8
W C 486.7 667.6 1779.9 222.8 1184.5 745.9 1719.9 1025.7
F 800.937494 720.367702 4.976387
D C -32.5 -322.0 739.6 817.2 75.5 375.2 -57.4 971.4
W C 481.6 667.7 1782.8 219.7 1182.9 745.4 1723.7 1029.3
F 804.566076 704.720046 4.980357
D C -47.5 -322.1 722.7 813.6 62.7 376.4 -69.6 973.6
W C 481.3 665.3 1780.5 223.2 1184.2 744.0 1725.0 1029.6
F 837.060631 666.393844 5.014557
D C -112.3 -327.2 725.8 768.1 37.2 368.9
W C 491.3 676.2 1786.4 202.1 1200.3 740.7
F 857.186870 631.244954 5.082574
D C 737.4 716.2 29.7 360.8
W C 1791.7 202.9 1204.3 734.1
F 877.351642 606.561839 5.144305
D C 749.0 659.2 21.4 352.5
W C 1789.6 202.3 1206.4 734.7
F 891.270236 578.808081 5.209311
D C 758.7 612.0 13.7 349.5
W C 1791.0 203.6 1205.0 733.4
F 901.676931 561.691759 5.244222
D C 758.2 585.2 7.2 348.2
W C 1790.5 204.9 1205.5 732.1
F 928.854008 531.458463 5.335074
D C 770.6 508.9 -4.5 342.3
W C 1791.7 202.3 1204.3 734.7
F 942.187495 518.940773 5.370963
D C 766.6 476.4 -6.5 341.0
W C 1788.1 204.2 1207.9 732.8
F 967.470057 463.906771 5.522706
D C 760.5 392.3 151.5 927.9 -23.1 337.4
W C 1788.9 224.0 1716.8 1031.7 1183.3 724.3
F 993.886980 443.334160 5.594853
D C 755.6 338.4 180.4 910.6 -30.4 337.6
W C 1792.4 224.7 1711.7 1032.0 1184.9 723.3
F 1008.749525 437.211247 5.655181
D C 757.7 290.3 220.0 892.9 -24.9 334.6
W C 1792.4 226.9 1711.4 1030.5 1185.2 722.6
F 1045.455900 425.045161 5.792673
D C 753.6 172.2 303.5 850.2 -19.5 330.7
W C 1791.3 222.0 1713.7 1032.1 1184.0 726.0
F 1072.961267 419.398144 5.877314
D C 738.4 98.5 347.6 819.4 -20.3 325.7
W C 1790.3 218.4 1715.8 1035.0 1182.9 726.6
F 1101.403951 414.488816 5.971845
D C 717.3 27.0 393.3 776.9 -18.0 321.5
W C 1792.5 220.4 1713.8 1033.5 1182.7 726.0
F 1133.119629 413.144219 6.064736
D C 686.3 -48.0 429.1 732.3 -16.8 318.1
W C 1792.7 217.6 1710.7 1035.0 1185.6 727.4
F 1145.638550 412.827806 6.106795
D C 674.1 -78.4 446.2 710.7 -17.8 317.5
W C 1795.5 217.3 1709.7 1034.2 1183.8 728.5
F 1189.224225 420.383746 6.253673
D C 609.6 -186.5 504.6 627.4 -14.5 310.6
W C 1793.1 216.0 1712.1 1032.7 1183.9 731.3
F 1215.343457 421.096446 6.396578
D C 563.9 -251.5 530.6 579.1 277.6 1401.2 -14.4 307.3
W C 1804.1 235.0 1677.0 1056.5 1332.6 1844.7 1166.3 724.8
F 1253.248252 434.591452 6.392397
D C 514.5 -280.6 518.6 548.9 -35.7 302.6
W C 1795.3 211.7 1708.9 1036.7 1184.8 731.5
F 1288.210060 441.467886 6.447525
D C 462.0 -312.3 514.2 521.3 -55.7 302.8
W C 1795.0 209.0 1710.2 1039.9 1183.8 731.1
F 1298.061366 438.118107 6.516644
D C 438.5 -324.7 505.4 512.4 343.0 1356.1
W C 1799.7 223.7 1671.2 1053.6 1318.1 1836.8
F 1357.299335 439.080559 6.502733
D C 383.7 -330.5 458.1 506.2
W C 1803.8 200.1 1694.2 1032.9
F 1367.667943 452.418537 0.243063
D C 366.5 -329.6 439.9 510.8 282.2 1358.8
W C 1802.7 220.7 1671.7 1054.1 1314.6 1839.2
F 1417.976602 465.293547 0.246311
D C 314.1 -329.4 389.6 509.6 234.2 1355.6
W C 1802.9 222.4 1671.5 1054.5 1314.5 1837.1
F 1456.325423 460.719572 0.221609
D C 281.4 -334.0 358.1 509.2
W C 1804.3 196.8 1693.7 1036.2
F 1465.673647 474.189117 0.247758
D C 264.3 -331.8 342.2 513.0 188.3 1362.5
W C 1803.3 217.3 1671.6 1055.4 1314.1 1841.3
F 1523.878063 472.707214 0.225900
D C 211.3 -333.1 291.9 512.5
W C 1804.4 195.4 1693.6 1037.6
F 1573.165666 483.872563 0.220638
D C 162.4 -332.1 238.8 514.0
W C 1804.3 195.3 1693.7 1037.7
F 1591.630786 485.313458 0.223011
D C 143.5 -331.4 221.4 517.6
W C 1804.9 193.9 1693.1 1039.1
F 1610.288722 507.969697 0.282058
D C 109.7 -338.3 205.5 510.3 87.2 1366.9
W C 1809.9 213.6 1665.6 1055.3 1313.6 1845.1
F 1637.769669 526.049102 0.349263
D C 51.7 -354.2 204.8 495.6 152.2 1344.3
W C 1807.6 210.9 1660.7 1061.8 1320.8 1841.3
F 1667.599735 542.616738 0.413105
D C -2.0 -366.8 201.7 479.7 201.0 1334.0
W C 1813.0 205.9 1659.8 1063.0 1316.2 1845.2
F 1710.690498 570.808856 0.515017
D C -89.3 -367.3 193.6 452.6 287.5 1303.5
W C 1813.9 207.1 1656.3 1060.1 1318.9 1846.8
F 1733.330366 563.772753 0.491365
D C -114.9 -367.4 192.3 445.6
W C 1805.4 185.6 1692.6 1047.4
F 1733.330366 563.772753 0.491365
D C 188.6 433.5
W C
F 1809.282244 609.402236 0.699185
D C 180.2 421.1 -535.6 1553.0
W C 1676.1 1047.7 399.9 1453.3
F 1827.666700 639.880285 0.810826
D C 191.5 396.3 -394.3 1589.8
W C 1672.4 1051.7 403.6 1449.3
F 1837.844168 651.356414 0.854686
D C 195.4 385.9 -341.6 1607.4
W C 1675.0 1052.1 401.0 1448.9
F 1863.199683 691.036157 0.997638
D C 197.8 352.4 -152.7 1641.1
W C 1674.4 1048.3 401.6 1452.7
F 1863.199683 691.036157 0.997638
D C 201.8 323.6
W C
F 1880.089089 752.517361 1.170325
D C 186.7 307.7 73.9 1631.5
W C 1669.5 1044.4 406.5 1456.6
F 1899.302228 799.867956 1.225684
D C 156.7 300.3 108.7 1625.6
W C 1669.7 1048.9 406.3 1452.1
F 1919.623562 854.083925 1.277714
D C 777.9 870.3 142.8 297.7 130.5 1647.7
W C 1311.2 1850.2 1675.9 1076.8 379.9 1455.0
F 1930.818454 908.588525 1.299341
D C 744.5 853.8 91.7 296.6 109.0 1630.4
W C 1307.9 1854.8 1669.7 1076.5 389.4 1450.7
F 1942.214514 944.802815 1.379503
D C 769.1 794.2 75.3 286.5
W C 1308.7 1850.8 1675.3 1073.2
F 1947.111869 983.005769 1.464428
D C 796.1 731.6 59.8 275.2
W C 1304.1 1852.3 1679.9 1071.7
F 1947.015788 1024.791618 1.532248
D C 798.9 673.2 39.8 269.8
W C 1305.1 1849.0 1678.9 1075.0
F 1927.798005 1031.628710 1.548903
D C 806.7 646.7 27.1 268.4 -373.5 1413.0
W C 1298.9 1852.3 1660.0 1064.6 507.0 689.1
F 1933.919037 1086.334737 1.640756
D C 816.6 568.6 474.0 1516.4 -0.2 265.4
W C 1309.6 1861.2 388.1 1453.2 1669.2 1067.6
F 1939.979068 1117.241148 1.726679
D C 572.4 1473.6 -29.0 267.1
W C 395.4 1453.9 1680.6 1047.1
F 1914.391333 1180.933610 1.787207
D C 817.8 457.5 599.2 1437.2
W C 1292.0 1881.4 382.0 1457.6
F 1901.801733 1213.507544 1.856503
D C 813.0 394.5 662.2 1391.8
W C 1294.2 1882.4 379.8 1456.6
F 1888.592815 1245.388953 1.917187
D C 801.2 338.3 710.7 1352.0
W C 1298.3 1884.1 375.7 1454.9
F 1862.458929 1260.858320 1.979739
D C 783.6 281.0 764.5 1295.6 35.1 1477.0
W C 1293.0 1868.1 369.7 1447.1 493.3 705.8
F 1838.386173 1296.326842 2.066431
D C 764.5 209.6 833.2 1216.3 116.1 1466.2
W C 1290.4 1869.1 372.2 1450.8 493.4 701.2
F 1833.112463 1294.318034 2.086011
D C 750.4 188.6 850.1 1201.2 138.7 1465.5 -131.7 814.5
W C 1299.3 1854.4 369.0 1442.2 489.6 692.9 1189.2 778.4
F 1813.001220 1322.001151 2.157718
D C 727.1 133.6 899.2 1132.4 210.0 1454.1 -106.8 819.3
W C 1299.0 1853.4 372.1 1443.6 485.9 691.6 1189.9 779.3
F 1793.890647 1345.649401 2.221806
D C 698.3 82.3 944.5 1076.4 270.3 1433.5 -82.0 825.8
W C 1305.2 1851.3 365.3 1444.7 489.8 692.0 1186.7 780.1
F 1766.797740 1376.051452 2.289459
D C 666.6 37.4 967.4 1005.2 325.5 1413.6 -64.3 828.6
W C 1299.8 1853.2 373.3 1442.4 488.5 690.3 1185.4 782.1
F 1735.701275 1407.369228 2.382072
D C 622.5 -24.4 1014.1 914.9 411.7 1376.0 -33.9 834.3
W C 1301.1 1853.7 370.4 1442.2 489.7 693.0 1185.9 779.0
F 1718.938570 1417.918942 2.423939
D C 604.6 -51.6 1023.5 862.5 449.3 1363.5 -13.3 827.0
W C 1297.4 1854.4 380.6 1441.2 483.8 686.2 1185.1 786.2
F 1692.102670 1438.798044 2.484850
D C 568.7 -89.3 1040.7 798.1 498.2 1330.7 -0.6 831.2
W C 1296.2 1856.7 380.6 1442.1 485.1 689.0 1185.1 780.1
F 1665.742864 1452.242771 2.551254
D C 527.9 -130.1 1061.6 724.8 555.9 1288.5 29.9 827.4
W C 1299.6 1854.2 380.3 1441.1 486.7 691.2 1180.4 781.5
F 1638.861060 1467.151344 2.612203
D C 489.8 -161.4 1074.0 658.4 599.7 1250.5 49.9 822.7
W C 1297.6 1853.8 379.3 1441.3 489.7 690.7 1180.3 782.2
F 1589.806018 1486.292108 2.681836
D C 424.9 -203.8 1063.6 573.7 634.1 1206.3 54.5 815.3
W C 1299.5 1857.4 382.1 1444.1 486.3 686.7 1179.2 779.8
F 1575.636457 1495.554184 2.679731
D C 408.4 -202.0 1043.3 583.6 616.2 1207.9 36.9 814.5
W C 1300.1 1858.4 381.5 1438.0 485.7 688.8 1179.6 782.8
F 1547.782388 1509.252363 2.677965
D C 380.0 -201.3 1007.7 584.2 584.3 1208.8 4.4 815.2
W C 1297.9 1859.2 385.2 1437.4 484.7 689.4 1179.3 782.0
F 1519.465178 1505.072485 2.654216
D C 962.2 581.7 529.8 1207.7 -43.5 821.1
W C 396.9 1441.7 485.8 686.1 1173.3 759.2
F 1488.850245 1541.848092 2.680272
D C 314.8 -199.0 943.1 578.1 513.7 1211.2 -58.9 823.9
W C 1295.5 1860.2 387.0 1444.0 489.7 685.9 1174.8 777.9
F 1444.508477 1566.209414 2.681832
D C 265.7 -198.0 891.4 580.9 465.3 1208.9 -108.0 828.4
W C 1294.3 1861.5 387.9 1441.2 491.1 689.3 1173.7 776.0
F 1441.423055 1558.368714 2.665689
D C 869.8 582.1 451.0 1216.1 -123.8 830.4
W C 401.5 1439.4 483.4 684.0 1171.0 763.5
F 1394.371119 1580.131147 2.666308
D C 819.7 578.2 395.0 1211.1 -171.4 832.0
W C 400.9 1441.1 489.0 684.0 1166.1 761.9
F 1361.705586 1601.237145 2.677820
D C 786.8 577.0 369.8 1208.9 -199.2 836.0
W C 399.9 1437.1 490.2 685.4 1165.9 764.4
F 1349.844029 1605.470085 2.712694
D C 791.9 547.7 397.6 1194.2 -178.9 841.8
W C 401.9 1436.7 491.6 684.8 1162.4 765.6
F 1321.972984 1616.163704 2.785151
D C 800.5 487.3 456.3 1164.3 -151.4 853.1
W C 401.8 1438.8 488.1 684.3 1166.2 763.9
F 1291.242376 1626.618236 2.841400
D C 792.5 440.1 486.3 1136.8 -131.6 864.4
W C 404.1 1440.5 490.6 684.5 1161.4 762.0
F 1239.980526 1634.787467 2.948766
D C 783.9 354.0 551.8 1073.5 -89.2 871.4
W C 402.8 1437.6 492.7 686.9 1160.5 762.5
F 1216.879350 1639.429759 2.993546
D C 773.2 321.0 577.4 1051.0 -73.1 872.3
W C 404.8 1436.0 490.7 685.1 1160.5 765.8
F 1184.930867 1638.718407 3.057263
D C 760.3 264.8 611.3 1007.6 -49.1 875.8
W C 405.0 1438.9 490.9 686.2 1160.1 761.9
F 1137.377046 1646.452206 3.064948
D C 717.7 259.9 567.3 1010.5 -90.0 879.8
W C 401.9 1442.3 494.3 682.4 1159.8 762.3
F 1117.847573 1649.678740 3.070237
D C 700.2 258.4 553.8 1008.0 -106.8 882.8
W C 401.0 1441.8 493.6 683.7 1161.4 761.5
F 1068.127614 1656.348635 3.066953
D C 647.3 264.1 502.1 1014.8 -159.5 883.0
W C 402.9 1441.3 491.8 681.8 1161.3 763.9
F 1048.843137 1659.522629 3.070869
D C 631.6 262.2 485.8 1013.0 -177.4 888.3
W C 400.3 1442.6 492.7 683.4 1163.0 760.9
F 1016.638842 1662.248008 3.067326
D C 597.3 265.3 449.4 1015.8 -211.3 886.6
W C 401.3 1442.0 493.1 682.6 1161.5 762.4
F 967.799400 1667.150954 3.068960
D C 549.5 266.6 401.0 1013.9 -258.8 889.9
W C 400.4 1441.1 494.3 685.0 1161.3 760.9
F 950.941757 1671.825205 3.073470
D C 534.7 265.6 387.7 1016.7 -272.4 895.5
W C 399.4 1443.3 494.9 683.8 1161.7 759.9
F 889.879632 1681.302611 3.068259
D C 487.4 268.7 335.3 1017.6
W C 384.1 1449.0 480.9 691.0
F 857.663683 1680.943377 3.068611
D C 455.4 265.9 303.6 1014.8
W C 384.1 1449.0 480.9 691.0
F 837.000090 1686.974779 3.076361
D C 436.2 267.4 290.6 1016.7
W C 384.3 1448.6 480.7 691.4
F 792.275691 1690.424737 3.068692
D C 389.4 271.1 237.9 1018.8
W C 384.2 1448.4 480.8 691.6
F 775.667315 1692.902716 3.066293
D C 372.0 272.8 218.6 1021.1
W C 384.2 1448.8 480.8 691.2
F 731.476497 1697.443081 3.065953
D C 327.8 272.8 173.6 1023.7
W C 384.0 1450.2 481.0 689.8
F 715.424118 1699.732229 3.063392
D C 311.1 273.8 154.6 1026.0
W C 383.9 1451.1 481.1 688.9
F 679.025993 1705.086279 3.065199
D C 275.0 275.4 119.7 1028.7
W C 383.8 1451.5 481.2 688.5
F 638.614858 1706.825873 3.073092
D C 236.5 272.9 87.6 1026.0
W C 384.0 1450.8 481.0 689.2
F 641.232957 1706.220540 3.073185
D C 238.9 274.0 90.6 1024.0
W C 384.1 1449.2 480.9 690.8
F 643.219120 1705.776135 3.070917
D C 240.1 275.4 90.5 1022.8
W C 384.2 1448.1 480.8 691.9
F 642.917012 1703.491036 3.070417
D C 239.5 274.7 90.1 1019.0
W C 384.5 1446.5 480.5 693.5
F 640.880045 1706.288427 3.073569
D C 238.7 273.7 90.6 1024.2
W C 384.1 1449.4 480.9 690.6
F 640.730668 1706.514727 3.073824
D C 238.7 273.7 90.6 1024.6
W C 384.1 1449.6 480.9 690.4
F 641.661834 1706.332087 3.072771
D C 239.2 274.3 90.6 1024.1
W C 384.1 1449.1 480.9 690.9
